BEGIN  TIMEDATA
# T ( NSEC  V  R 50 )
%   time      voltage
0	0
0.023333333333333334	5.0
0.1433333333333333	5.0
0.16666666666666666	0.0
0.3333333333333333	0.0
0.35666666666666663	5.0
0.4766666666666667	5.0
0.5	0.0
0.6666666666666666	0.0
0.69	5.0
0.8099999999999999	5.0
0.8333333333333333	0.0
1.0	0.0
1.0233333333333334	5.0
1.1433333333333333	5.0
1.1666666666666667	0.0
1.3333333333333333	0.0
1.3566666666666667	5.0
1.4766666666666666	5.0
1.5	0.0
1.6666666666666665	0.0
1.69	5.0
1.8099999999999998	5.0
1.8333333333333333	0.0
1.9999999999999998	0.0
2.023333333333333	5.0
2.143333333333333	5.0
2.1666666666666665	0.0
2.333333333333333	0.0
2.3566666666666665	5.0
2.476666666666666	5.0
2.4999999999999996	0.0
2.6666666666666665	0.0
2.69	5.0
2.8099999999999996	5.0
2.833333333333333	0.0
3.0	0.0
3.0233333333333334	5.0
3.143333333333333	5.0
3.1666666666666665	0.0
3.3333333333333335	0.0
3.356666666666667	5.0
3.4766666666666666	5.0
3.5	0.0
3.666666666666667	0.0
3.6900000000000004	5.0
3.81	5.0
3.8333333333333335	0.0
4.0	0.0
4.023333333333333	5.0
4.1433333333333335	5.0
4.166666666666667	0.0
4.333333333333333	0.0
4.3566666666666665	5.0
4.476666666666667	5.0
4.5	0.0
4.666666666666666	0.0
4.6899999999999995	5.0
4.81	5.0
4.833333333333333	0.0
4.999999999999999	0.0
5.0233333333333325	5.0
5.143333333333333	5.0
5.166666666666666	0.0
5.333333333333332	0.0
5.356666666666666	5.0
5.476666666666666	5.0
5.499999999999999	0.0
5.666666666666665	0.0
5.689999999999999	5.0
5.809999999999999	5.0
5.833333333333332	0.0
5.999999999999998	0.0
6.023333333333332	5.0
6.143333333333332	5.0
6.166666666666665	0.0
6.333333333333331	0.0
6.356666666666665	5.0
6.476666666666665	5.0
6.499999999999998	0.0
6.666666666666664	0.0
6.689999999999998	5.0
6.809999999999998	5.0
6.833333333333331	0.0
6.999999999999997	0.0
7.023333333333331	5.0
7.143333333333331	5.0
7.166666666666664	0.0
7.33333333333333	0.0
7.356666666666664	5.0
7.476666666666664	5.0
7.499999999999997	0.0
7.666666666666663	0.0
7.689999999999997	5.0
7.809999999999997	5.0
7.83333333333333	0.0
7.9999999999999964	0.0
8.02333333333333	5.0
8.143333333333329	5.0
8.166666666666663	0.0
8.33333333333333	0.0
8.356666666666664	5.0
8.476666666666663	5.0
8.499999999999996	0.0
8.666666666666664	0.0
8.689999999999998	5.0
8.809999999999997	5.0
8.83333333333333	0.0
8.999999999999998	0.0
9.023333333333332	5.0
9.14333333333333	5.0
9.166666666666664	0.0
9.333333333333332	0.0
9.356666666666666	5.0
9.476666666666665	5.0
9.499999999999998	0.0
9.666666666666666	0.0
9.69	5.0
9.809999999999999	5.0
9.833333333333332	0.0
10.0	0.0
10.023333333333333	8.166666666666666
10.143333333333333	8.166666666666666
10.166666666666666	0.0
10.333333333333334	0.0
10.356666666666667	11.333333333333332
10.476666666666667	11.333333333333332
10.5	0.0
10.666666666666668	0.0
10.690000000000001	14.5
10.81	14.5
10.833333333333334	0.0
11.000000000000002	0.0
11.023333333333335	17.666666666666664
11.143333333333334	17.666666666666664
11.166666666666668	0.0
11.333333333333336	0.0
11.35666666666667	20.833333333333332
11.476666666666668	20.833333333333332
11.500000000000002	0.0
11.66666666666667	0.0
11.690000000000003	24.0
11.810000000000002	24.0
11.833333333333336	0.0
12.000000000000004	0.0
12.023333333333337	27.166666666666664
12.143333333333336	27.166666666666664
12.16666666666667	0.0
12.333333333333337	0.0
12.356666666666671	30.333333333333332
12.47666666666667	30.333333333333332
12.500000000000004	0.0
12.666666666666671	0.0
12.690000000000005	33.5
12.810000000000004	33.5
12.833333333333337	0.0
13.000000000000005	0.0
13.023333333333339	36.666666666666664
13.143333333333338	36.666666666666664
13.166666666666671	0.0
13.33333333333334	0.0
13.356666666666673	39.83333333333333
13.476666666666672	39.83333333333333
13.500000000000005	0.0
13.666666666666673	0.0
13.690000000000007	43.0
13.810000000000006	43.0
13.83333333333334	0.0
14.000000000000007	0.0
14.02333333333334	46.166666666666664
14.14333333333334	46.166666666666664
14.166666666666673	0.0
14.333333333333341	0.0
14.356666666666674	49.33333333333333
14.476666666666674	49.33333333333333
14.500000000000007	0.0
14.666666666666675	0.0
14.690000000000008	52.5
14.810000000000008	52.5
14.833333333333341	0.0
15.000000000000009	0.0
15.023333333333342	55.666666666666664
15.143333333333342	55.666666666666664
15.166666666666675	0.0
15.333333333333343	0.0
15.356666666666676	58.83333333333333
15.476666666666675	58.83333333333333
15.500000000000009	0.0
15.666666666666677	0.0
15.69000000000001	62.0
15.81000000000001	62.0
15.833333333333343	0.0
16.00000000000001	0.0
16.023333333333344	65.16666666666666
16.143333333333345	65.16666666666666
16.16666666666668	0.0
16.333333333333343	0.0
16.356666666666676	68.33333333333333
16.476666666666677	68.33333333333333
16.50000000000001	0.0
16.666666666666675	0.0
16.69000000000001	71.5
16.81000000000001	71.5
16.833333333333343	0.0
17.000000000000007	0.0
17.02333333333334	74.66666666666666
17.14333333333334	74.66666666666666
17.166666666666675	0.0
17.33333333333334	0.0
17.356666666666673	77.83333333333333
17.476666666666674	77.83333333333333
17.500000000000007	0.0
17.66666666666667	0.0
17.690000000000005	81.0
17.810000000000006	81.0
17.83333333333334	0.0
18.000000000000004	0.0
18.023333333333337	84.16666666666666
18.143333333333338	84.16666666666666
18.16666666666667	0.0
18.333333333333336	0.0
18.35666666666667	87.33333333333333
18.47666666666667	87.33333333333333
18.500000000000004	0.0
18.666666666666668	0.0
18.69	90.5
18.810000000000002	90.5
18.833333333333336	0.0
19.0	0.0
19.023333333333333	93.66666666666666
19.143333333333334	93.66666666666666
19.166666666666668	0.0
19.333333333333332	0.0
19.356666666666666	96.83333333333333
19.476666666666667	96.83333333333333
19.5	0.0
19.666666666666664	0.0
19.689999999999998	100.0
19.81	100.0
19.833333333333332	0.0
19.999999999999996	0.0
20.02333333333333	98.5
20.14333333333333	98.5
20.166666666666664	0.0
20.33333333333333	0.0
20.356666666666662	97.0
20.476666666666663	97.0
20.499999999999996	0.0
20.66666666666666	0.0
20.689999999999994	95.5
20.809999999999995	95.5
20.83333333333333	0.0
20.999999999999993	0.0
21.023333333333326	94.0
21.143333333333327	94.0
21.16666666666666	0.0
21.333333333333325	0.0
21.35666666666666	92.5
21.47666666666666	92.5
21.499999999999993	0.0
21.666666666666657	0.0
21.68999999999999	91.0
21.80999999999999	91.0
21.833333333333325	0.0
21.99999999999999	0.0
22.023333333333323	89.5
22.143333333333324	89.5
22.166666666666657	0.0
22.33333333333332	0.0
22.356666666666655	88.0
22.476666666666656	88.0
22.49999999999999	0.0
22.666666666666654	0.0
22.689999999999987	86.5
22.809999999999988	86.5
22.83333333333332	0.0
22.999999999999986	0.0
23.02333333333332	85.0
23.14333333333332	85.0
23.166666666666654	0.0
23.333333333333318	0.0
23.35666666666665	83.5
23.476666666666652	83.5
23.499999999999986	0.0
23.66666666666665	0.0
23.689999999999984	82.0
23.809999999999985	82.0
23.833333333333318	0.0
23.999999999999982	0.0
24.023333333333316	80.5
24.143333333333317	80.5
24.16666666666665	0.0
24.333333333333314	0.0
24.356666666666648	79.0
24.47666666666665	79.0
24.499999999999982	0.0
24.666666666666647	0.0
24.68999999999998	77.5
24.80999999999998	77.5
24.833333333333314	0.0
24.99999999999998	0.0
25.023333333333312	76.0
25.143333333333313	76.0
25.166666666666647	0.0
25.33333333333331	0.0
25.356666666666644	74.5
25.476666666666645	74.5
25.49999999999998	0.0
25.666666666666643	0.0
25.689999999999976	73.0
25.809999999999977	73.0
25.83333333333331	0.0
25.999999999999975	0.0
26.02333333333331	71.5
26.14333333333331	71.5
26.166666666666643	0.0
26.333333333333307	0.0
26.35666666666664	70.0
26.47666666666664	70.0
26.499999999999975	0.0
26.66666666666664	0.0
26.689999999999973	68.5
26.809999999999974	68.5
26.833333333333307	0.0
26.99999999999997	0.0
27.023333333333305	67.0
27.143333333333306	67.0
27.16666666666664	0.0
27.333333333333304	0.0
27.356666666666637	65.5
27.476666666666638	65.5
27.49999999999997	0.0
27.666666666666636	0.0
27.68999999999997	64.0
27.80999999999997	64.0
27.833333333333304	0.0
27.999999999999968	0.0
28.0233333333333	62.5
28.143333333333302	62.5
28.166666666666636	0.0
28.3333333333333	0.0
28.356666666666634	61.0
28.476666666666635	61.0
28.499999999999968	0.0
28.666666666666632	0.0
28.689999999999966	59.5
28.809999999999967	59.5
28.8333333333333	0.0
28.999999999999964	0.0
29.023333333333298	58.0
29.1433333333333	58.0
29.166666666666632	0.0
29.333333333333297	0.0
29.35666666666663	56.5
29.47666666666663	56.5
29.499999999999964	0.0
29.66666666666663	0.0
29.689999999999962	55.0
29.809999999999963	55.0
29.833333333333297	0.0
29.99999999999996	0.0
30.023333333333294	55.0
30.143333333333295	55.0
30.16666666666663	0.0
30.333333333333293	0.0
30.356666666666626	55.0
30.476666666666627	55.0
30.49999999999996	0.0
30.666666666666625	0.0
30.68999999999996	55.0
30.80999999999996	55.0
30.833333333333293	0.0
30.999999999999957	0.0
31.02333333333329	55.0
31.143333333333292	55.0
31.166666666666625	0.0
31.33333333333329	0.0
31.356666666666623	55.0
31.476666666666624	55.0
31.499999999999957	0.0
31.66666666666662	0.0
31.689999999999955	55.0
31.809999999999956	55.0
31.83333333333329	0.0
31.999999999999954	0.0
32.023333333333284	55.0
32.14333333333329	55.0
32.16666666666662	0.0
32.333333333333286	0.0
32.35666666666662	55.0
32.47666666666662	55.0
32.49999999999995	0.0
32.66666666666662	0.0
32.689999999999955	55.0
32.80999999999995	55.0
32.833333333333286	0.0
32.99999999999996	0.0
33.02333333333329	55.0
33.14333333333329	55.0
33.16666666666662	0.0
33.33333333333329	0.0
33.35666666666663	55.0
33.476666666666624	55.0
33.49999999999996	0.0
33.66666666666663	0.0
33.68999999999996	55.0
33.80999999999996	55.0
33.83333333333329	0.0
33.999999999999964	0.0
34.0233333333333	55.0
34.143333333333295	55.0
34.16666666666663	0.0
34.3333333333333	0.0
34.356666666666634	55.0
34.47666666666663	55.0
34.499999999999964	0.0
34.666666666666636	0.0
34.68999999999997	55.0
34.80999999999997	55.0
34.8333333333333	0.0
34.99999999999997	0.0
35.023333333333305	55.0
35.1433333333333	55.0
35.166666666666636	0.0
35.33333333333331	0.0
35.35666666666664	55.0
35.47666666666664	55.0
35.49999999999997	0.0
35.66666666666664	0.0
35.689999999999976	55.0
35.809999999999974	55.0
35.83333333333331	0.0
35.99999999999998	0.0
36.02333333333331	55.0
36.14333333333331	55.0
36.16666666666664	0.0
36.333333333333314	0.0
36.35666666666665	55.0
36.476666666666645	55.0
36.49999999999998	0.0
36.66666666666665	0.0
36.68999999999998	55.0
36.80999999999998	55.0
36.833333333333314	0.0
36.999999999999986	0.0
37.02333333333332	55.0
37.14333333333332	55.0
37.16666666666665	0.0
37.33333333333332	0.0
37.356666666666655	55.0
37.47666666666665	55.0
37.499999999999986	0.0
37.66666666666666	0.0
37.68999999999999	55.0
37.80999999999999	55.0
37.83333333333332	0.0
37.99999999999999	0.0
38.023333333333326	55.0
38.143333333333324	55.0
38.16666666666666	0.0
38.33333333333333	0.0
38.35666666666666	55.0
38.47666666666666	55.0
38.49999999999999	0.0
38.666666666666664	0.0
38.69	55.0
38.809999999999995	55.0
38.83333333333333	0.0
39.0	0.0
39.02333333333333	55.0
39.14333333333333	55.0
39.166666666666664	0.0
39.333333333333336	0.0
39.35666666666667	55.0
39.47666666666667	55.0
39.5	0.0
39.66666666666667	0.0
39.690000000000005	55.0
39.81	55.0
39.833333333333336	0.0
40.00000000000001	0.0
40.02333333333334	55.0
40.14333333333334	55.0
40.16666666666667	0.0
40.33333333333334	0.0
40.356666666666676	55.0
40.476666666666674	55.0
40.50000000000001	0.0
40.66666666666668	0.0
40.69000000000001	55.0
40.81000000000001	55.0
40.83333333333334	0.0
41.000000000000014	0.0
41.02333333333335	55.0
41.143333333333345	55.0
41.16666666666668	0.0
41.33333333333335	0.0
41.35666666666668	55.0
41.47666666666668	55.0
41.500000000000014	0.0
41.666666666666686	0.0
41.69000000000002	55.0
41.81000000000002	55.0
41.83333333333335	0.0
42.00000000000002	0.0
42.023333333333355	55.0
42.14333333333335	55.0
42.166666666666686	0.0
42.33333333333336	0.0
42.35666666666669	55.0
42.47666666666669	55.0
42.50000000000002	0.0
42.66666666666669	0.0
42.690000000000026	55.0
42.810000000000024	55.0
42.83333333333336	0.0
43.00000000000003	0.0
43.02333333333336	55.0
43.14333333333336	55.0
43.16666666666669	0.0
43.333333333333364	0.0
43.3566666666667	55.0
43.476666666666695	55.0
43.50000000000003	0.0
43.6666666666667	0.0
43.69000000000003	55.0
43.81000000000003	55.0
43.833333333333364	0.0
44.000000000000036	0.0
44.02333333333337	55.0
44.143333333333366	55.0
44.1666666666667	0.0
44.33333333333337	0.0
44.356666666666705	55.0
44.4766666666667	55.0
44.500000000000036	0.0
44.66666666666671	0.0
44.69000000000004	55.0
44.81000000000004	55.0
44.83333333333337	0.0
45.00000000000004	0.0
45.023333333333376	60.0
45.14333333333337	60.0
45.16666666666671	5.0
45.33333333333338	5.0
45.35666666666671	60.0
45.47666666666671	60.0
45.50000000000004	5.0
45.666666666666714	5.0
45.69000000000005	5.0
45.810000000000045	5.0
45.83333333333338	5.0
46.00000000000005	5.0
46.02333333333338	5.0
46.14333333333338	5.0
46.166666666666714	5.0
46.333333333333385	5.0
46.35666666666672	5.0
46.476666666666716	5.0
46.50000000000005	5.0
46.66666666666672	5.0
46.690000000000055	60.0
46.81000000000005	60.0
46.833333333333385	5.0
47.00000000000006	5.0
47.02333333333339	60.0
47.14333333333339	60.0
47.16666666666672	5.0
47.33333333333339	5.0
47.356666666666726	5.0
47.47666666666672	5.0
47.50000000000006	5.0
47.66666666666673	5.0
47.69000000000006	5.0
47.81000000000006	5.0
47.83333333333339	5.0
48.000000000000064	5.0
48.0233333333334	5.0
48.143333333333395	5.0
48.16666666666673	5.0
48.3333333333334	5.0
48.35666666666673	60.0
48.47666666666673	60.0
48.500000000000064	5.0
48.666666666666735	5.0
48.69000000000007	60.0
48.810000000000066	60.0
48.8333333333334	5.0
49.00000000000007	5.0
49.023333333333404	5.0
49.1433333333334	5.0
49.166666666666735	5.0
49.33333333333341	5.0
49.35666666666674	5.0
49.47666666666674	5.0
49.50000000000007	5.0
49.66666666666674	5.0
49.690000000000076	5.0
49.81000000000007	5.0
49.83333333333341	5.0
50.00000000000008	5.0
50.02333333333341	60.0
50.14333333333341	60.0
50.16666666666674	5.0
50.333333333333414	5.0
50.35666666666675	60.0
50.476666666666745	60.0
50.50000000000008	5.0
50.66666666666675	5.0
50.69000000000008	5.0
50.81000000000008	5.0
50.833333333333414	5.0
51.000000000000085	5.0
51.02333333333342	5.0
51.143333333333416	5.0
51.16666666666675	5.0
51.33333333333342	5.0
51.356666666666754	5.0
51.47666666666675	5.0
51.500000000000085	5.0
51.66666666666676	5.0
51.69000000000009	60.0
51.81000000000009	60.0
51.83333333333342	5.0
52.00000000000009	5.0
52.023333333333426	60.0
52.14333333333342	60.0
52.16666666666676	5.0
52.33333333333343	5.0
52.35666666666676	5.0
52.47666666666676	5.0
52.50000000000009	5.0
52.666666666666764	5.0
52.6900000000001	5.0
52.810000000000095	5.0
52.83333333333343	5.0
53.0000000000001	5.0
53.02333333333343	5.0
53.14333333333343	5.0
53.166666666666764	5.0
53.333333333333435	5.0
53.35666666666677	60.0
53.476666666666766	60.0
53.5000000000001	5.0
53.66666666666677	5.0
53.690000000000104	60.0
53.8100000000001	60.0
53.833333333333435	5.0
54.00000000000011	5.0
54.02333333333344	5.0
54.14333333333344	5.0
54.16666666666677	5.0
54.33333333333344	5.0
54.356666666666776	5.0
54.47666666666677	5.0
54.50000000000011	5.0
54.66666666666678	5.0
54.69000000000011	5.0
54.81000000000011	5.0
54.83333333333344	5.0
55.000000000000114	5.0
55.02333333333345	60.0
55.143333333333445	60.0
55.16666666666678	5.0
55.33333333333345	5.0
55.35666666666678	60.0
55.47666666666678	60.0
55.500000000000114	5.0
55.666666666666785	5.0
55.69000000000012	5.0
55.810000000000116	5.0
55.83333333333345	5.0
56.00000000000012	5.0
56.023333333333454	5.0
56.14333333333345	5.0
56.166666666666785	5.0
56.33333333333346	5.0
56.35666666666679	5.0
56.47666666666679	5.0
56.50000000000012	5.0
56.66666666666679	5.0
56.690000000000126	60.0
56.81000000000012	60.0
56.83333333333346	5.0
57.00000000000013	5.0
57.02333333333346	60.0
57.14333333333346	60.0
57.16666666666679	5.0
57.333333333333464	5.0
57.3566666666668	5.0
57.476666666666794	5.0
57.50000000000013	5.0
57.6666666666668	5.0
57.69000000000013	5.0
57.81000000000013	5.0
57.833333333333464	5.0
58.000000000000135	5.0
58.02333333333347	5.0
58.143333333333466	5.0
58.1666666666668	5.0
58.33333333333347	5.0
58.356666666666804	60.0
58.4766666666668	60.0
58.500000000000135	5.0
58.666666666666806	5.0
58.69000000000014	60.0
58.81000000000014	60.0
58.83333333333347	5.0
59.00000000000014	5.0
59.023333333333476	5.0
59.14333333333347	5.0
59.166666666666806	5.0
59.33333333333348	5.0
59.35666666666681	5.0
59.47666666666681	5.0
59.50000000000014	5.0
59.66666666666681	5.0
59.69000000000015	5.0
59.810000000000144	5.0
59.83333333333348	5.0
60.00000000000015	5.0
60.02333333333348	60.0
60.14333333333348	60.0
60.16666666666681	5.0
60.333333333333485	5.0
60.35666666666682	60.0
60.476666666666816	60.0
60.50000000000015	5.0
60.66666666666682	5.0
60.690000000000154	5.0
60.81000000000015	5.0
60.833333333333485	5.0
61.000000000000156	5.0
61.02333333333349	5.0
61.14333333333349	5.0
61.16666666666682	5.0
61.33333333333349	5.0
61.356666666666825	5.0
61.47666666666682	5.0
61.500000000000156	5.0
61.66666666666683	5.0
61.69000000000016	60.0
61.81000000000016	60.0
61.83333333333349	5.0
62.00000000000016	5.0
62.0233333333335	60.0
62.143333333333494	60.0
62.16666666666683	5.0
62.3333333333335	5.0
62.35666666666683	5.0
62.47666666666683	5.0
62.50000000000016	5.0
62.666666666666835	5.0
62.69000000000017	5.0
62.810000000000166	5.0
62.8333333333335	5.0
63.00000000000017	5.0
63.023333333333504	5.0
63.1433333333335	5.0
63.166666666666835	5.0
63.333333333333506	5.0
63.35666666666684	60.0
63.47666666666684	60.0
63.50000000000017	5.0
63.66666666666684	5.0
63.690000000000175	60.0
63.81000000000017	60.0
63.833333333333506	5.0
64.00000000000017	5.0
64.0233333333335	5.0
64.14333333333352	5.0
64.16666666666684	5.0
64.3333333333335	5.0
64.35666666666683	5.0
64.47666666666684	5.0
64.50000000000017	5.0
64.66666666666683	5.0
64.69000000000015	5.0
64.81000000000017	5.0
64.8333333333335	5.0
65.00000000000016	5.0
65.02333333333348	1.3333333333333333
65.1433333333335	1.3333333333333333
65.16666666666683	0.0
65.33333333333348	0.0
65.35666666666681	1.8692444444444443
65.47666666666683	1.8692444444444443
65.50000000000016	0.0
65.66666666666681	0.0
65.69000000000014	2.3136888888888887
65.81000000000016	2.3136888888888887
65.83333333333348	0.0
66.00000000000014	0.0
66.02333333333347	2.6014666666666666
66.14333333333349	2.6014666666666666
66.16666666666681	0.0
66.33333333333347	0.0
66.3566666666668	2.6449333333333334
66.47666666666682	2.6449333333333334
66.50000000000014	0.0
66.6666666666668	0.0
66.69000000000013	2.4751555555555558
66.81000000000014	2.4751555555555558
66.83333333333347	0.0
67.00000000000013	0.0
67.02333333333345	2.1170666666666667
67.14333333333347	2.1170666666666667
67.1666666666668	0.0
67.33333333333346	0.0
67.35666666666678	1.6080000000000008
67.4766666666668	1.6080000000000008
67.50000000000013	0.0
67.66666666666679	0.0
67.69000000000011	1.0586666666666673
67.81000000000013	1.0586666666666673
67.83333333333346	0.0
68.00000000000011	0.0
68.02333333333344	0.5496000000000006
68.14333333333346	0.5496000000000006
68.16666666666679	0.0
68.33333333333344	0.0
68.35666666666677	0.19151111111111144
68.47666666666679	0.19151111111111144
68.50000000000011	0.0
68.66666666666677	0.0
68.6900000000001	0.021733333333333486
68.81000000000012	0.021733333333333486
68.83333333333344	0.0
69.0000000000001	0.0
69.02333333333343	0.0652
69.14333333333344	0.0652
69.16666666666677	0.0
69.33333333333343	0.0
69.35666666666675	0.35297777777777706
69.47666666666677	0.35297777777777706
69.5000000000001	0.0
69.66666666666676	0.0
69.69000000000008	0.7974222222222208
69.8100000000001	0.7974222222222208
69.83333333333343	0.0
70.00000000000009	0.0
70.02333333333341	1.3333333333333333
70.14333333333343	1.3333333333333333
70.16666666666676	0.0
70.33333333333341	0.0
70.35666666666674	1.8692444444444425
70.47666666666676	1.8692444444444425
70.50000000000009	0.0
70.66666666666674	0.0
70.69000000000007	2.313688888888888
70.81000000000009	2.313688888888888
70.83333333333341	0.0
71.00000000000007	0.0
71.0233333333334	2.601466666666666
71.14333333333342	2.601466666666666
71.16666666666674	0.0
71.3333333333334	0.0
71.35666666666673	2.6449333333333334
71.47666666666674	2.6449333333333334
71.50000000000007	0.0
71.66666666666673	0.0
71.69000000000005	2.4751555555555558
71.81000000000007	2.4751555555555558
71.8333333333334	0.0
72.00000000000006	0.0
72.02333333333338	2.1170666666666675
72.1433333333334	2.1170666666666675
72.16666666666673	0.0
72.33333333333339	0.0
72.35666666666671	1.6080000000000008
72.47666666666673	1.6080000000000008
72.50000000000006	0.0
72.66666666666671	0.0
72.69000000000004	1.058666666666668
72.81000000000006	1.058666666666668
72.83333333333339	0.0
73.00000000000004	0.0
73.02333333333337	0.5496
73.14333333333339	0.5496
73.16666666666671	0.0
73.33333333333337	0.0
73.3566666666667	0.19151111111111288
73.47666666666672	0.19151111111111288
73.50000000000004	0.0
73.6666666666667	0.0
73.69000000000003	0.021733333333333486
73.81000000000004	0.021733333333333486
73.83333333333337	0.0
74.00000000000003	0.0
74.02333333333335	0.06519999999999954
74.14333333333337	0.06519999999999954
74.1666666666667	0.0
74.33333333333336	0.0
74.35666666666668	0.3529777777777764
74.4766666666667	0.3529777777777764
74.50000000000003	0.0
74.66666666666669	0.0
74.69000000000001	0.7974222222222195
74.81000000000003	0.7974222222222195
74.83333333333336	0.0
75.00000000000001	0.0
75.02333333333334	1.3333333333333333
75.14333333333336	1.3333333333333333
75.16666666666669	0.0
75.33333333333334	0.0
75.35666666666667	1.8692444444444416
75.47666666666669	1.8692444444444416
75.50000000000001	0.0
75.66666666666667	0.0
75.69	2.3136888888888874
75.81000000000002	2.3136888888888874
75.83333333333334	0.0
76.0	0.0
76.02333333333333	2.6014666666666653
76.14333333333335	2.6014666666666653
76.16666666666667	0.0
76.33333333333333	0.0
76.35666666666665	2.644933333333334
76.47666666666667	2.644933333333334
76.5	0.0
76.66666666666666	0.0
76.68999999999998	2.4751555555555567
76.81	2.4751555555555567
76.83333333333333	0.0
76.99999999999999	0.0
77.02333333333331	2.117066666666669
77.14333333333333	2.117066666666669
77.16666666666666	0.0
77.33333333333331	0.0
END
