Time(ns) 	 Current(Amp)
0	0
0.07	5.0
0.43	5.0
0.5	5.0
1.0	5.0
1.07	5.0
1.43	5.0
1.5	5.0
2.0	5.0
2.07	5.0
2.43	5.0
2.5	5.0
3.0	5.0
3.07	5.0
3.43	5.0
3.5	5.0
4.0	5.0
4.07	5.0
4.43	5.0
4.5	5.0
5.0	5.0
5.07	5.0
5.43	5.0
5.5	5.0
6.0	5.0
6.07	5.0
6.43	5.0
6.5	5.0
7.0	5.0
7.07	5.0
7.43	5.0
7.5	5.0
8.0	5.0
8.07	5.0
8.43	5.0
8.5	5.0
9.0	5.0
9.07	5.0
9.43	5.0
9.5	5.0
10.0	5.0
10.07	5.5
10.43	5.5
10.5	5.0
11.0	5.0
11.07	6.0
11.43	6.0
11.5	5.0
12.0	5.0
12.07	6.5
12.43	6.5
12.5	5.0
13.0	5.0
13.07	7.0
13.43	7.0
13.5	5.0
14.0	5.0
14.07	7.5
14.43	7.5
14.5	5.0
15.0	5.0
15.07	8.0
15.43	8.0
15.5	5.0
16.0	5.0
16.07	8.5
16.43	8.5
16.5	5.0
17.0	5.0
17.07	9.0
17.43	9.0
17.5	5.0
18.0	5.0
18.07	9.5
18.43	9.5
18.5	5.0
19.0	5.0
19.07	10.0
19.43	10.0
19.5	5.0
20.0	5.0
20.07	10.5
20.43	10.5
20.5	5.0
21.0	5.0
21.07	11.0
21.43	11.0
21.5	5.0
22.0	5.0
22.07	11.5
22.43	11.5
22.5	5.0
23.0	5.0
23.07	12.0
23.43	12.0
23.5	5.0
24.0	5.0
24.07	12.5
24.43	12.5
24.5	5.0
25.0	5.0
25.07	13.0
25.43	13.0
25.5	5.0
26.0	5.0
26.07	13.5
26.43	13.5
26.5	5.0
27.0	5.0
27.07	14.0
27.43	14.0
27.5	5.0
28.0	5.0
28.07	14.5
28.43	14.5
28.5	5.0
29.0	5.0
29.07	15.0
29.43	15.0
29.5	5.0
30.0	5.0
30.07	15.5
30.43	15.5
30.5	5.0
31.0	5.0
31.07	16.0
31.43	16.0
31.5	5.0
32.0	5.0
32.07	16.5
32.43	16.5
32.5	5.0
33.0	5.0
33.07	17.0
33.43	17.0
33.5	5.0
34.0	5.0
34.07	17.5
34.43	17.5
34.5	5.0
35.0	5.0
35.07	18.0
35.43	18.0
35.5	5.0
36.0	5.0
36.07	18.5
36.43	18.5
36.5	5.0
37.0	5.0
37.07	19.0
37.43	19.0
37.5	5.0
38.0	5.0
38.07	19.5
38.43	19.5
38.5	5.0
39.0	5.0
39.07	20.0
39.43	20.0
39.5	5.0
40.0	5.0
40.07	20.5
40.43	20.5
40.5	5.0
41.0	5.0
41.07	21.0
41.43	21.0
41.5	5.0
42.0	5.0
42.07	21.5
42.43	21.5
42.5	5.0
43.0	5.0
43.07	22.0
43.43	22.0
43.5	5.0
44.0	5.0
44.07	22.5
44.43	22.5
44.5	5.0
45.0	5.0
45.07	23.0
45.43	23.0
45.5	5.0
46.0	5.0
46.07	23.5
46.43	23.5
46.5	5.0
47.0	5.0
47.07	24.0
47.43	24.0
47.5	5.0
48.0	5.0
48.07	24.5
48.43	24.5
48.5	5.0
49.0	5.0
49.07	25.0
49.43	25.0
49.5	5.0
50.0	5.0
50.07	25.5
50.43	25.5
50.5	5.0
51.0	5.0
51.07	26.0
51.43	26.0
51.5	5.0
52.0	5.0
52.07	26.5
52.43	26.5
52.5	5.0
53.0	5.0
53.07	27.0
53.43	27.0
53.5	5.0
54.0	5.0
54.07	27.5
54.43	27.5
54.5	5.0
55.0	5.0
55.07	28.0
55.43	28.0
55.5	5.0
56.0	5.0
56.07	28.5
56.43	28.5
56.5	5.0
57.0	5.0
57.07	29.0
57.43	29.0
57.5	5.0
58.0	5.0
58.07	29.5
58.43	29.5
58.5	5.0
59.0	5.0
59.07	30.0
59.43	30.0
59.5	5.0
60.0	5.0
60.07	30.5
60.43	30.5
60.5	5.0
61.0	5.0
61.07	31.0
61.43	31.0
61.5	5.0
62.0	5.0
62.07	31.5
62.43	31.5
62.5	5.0
63.0	5.0
63.07	32.0
63.43	32.0
63.5	5.0
64.0	5.0
64.07	32.5
64.43	32.5
64.5	5.0
65.0	5.0
65.07	33.0
65.43	33.0
65.5	5.0
66.0	5.0
66.07	33.5
66.43	33.5
66.5	5.0
67.0	5.0
67.07	34.0
67.43	34.0
67.5	5.0
68.0	5.0
68.07	34.5
68.43	34.5
68.5	5.0
69.0	5.0
69.07	35.0
69.43	35.0
69.5	5.0
70.0	5.0
70.07	35.5
70.43	35.5
70.5	5.0
71.0	5.0
71.07	36.0
71.43	36.0
71.5	5.0
72.0	5.0
72.07	36.5
72.43	36.5
72.5	5.0
73.0	5.0
73.07	37.0
73.43	37.0
73.5	5.0
74.0	5.0
74.07	37.5
74.43	37.5
74.5	5.0
75.0	5.0
75.07	38.0
75.43	38.0
75.5	5.0
76.0	5.0
76.07	38.5
76.43	38.5
76.5	5.0
77.0	5.0
77.07	39.0
77.43	39.0
77.5	5.0
78.0	5.0
78.07	39.5
78.43	39.5
78.5	5.0
79.0	5.0
79.07	40.0
79.43	40.0
79.5	5.0
80.0	5.0
80.07	40.5
80.43	40.5
80.5	5.0
81.0	5.0
81.07	41.0
81.43	41.0
81.5	5.0
82.0	5.0
82.07	41.5
82.43	41.5
82.5	5.0
83.0	5.0
83.07	42.0
83.43	42.0
83.5	5.0
84.0	5.0
84.07	42.5
84.43	42.5
84.5	5.0
85.0	5.0
85.07	43.0
85.43	43.0
85.5	5.0
86.0	5.0
86.07	43.5
86.43	43.5
86.5	5.0
87.0	5.0
87.07	44.0
87.43	44.0
87.5	5.0
88.0	5.0
88.07	44.5
88.43	44.5
88.5	5.0
89.0	5.0
89.07	45.0
89.43	45.0
89.5	5.0
90.0	5.0
90.07	45.5
90.43	45.5
90.5	5.0
91.0	5.0
91.07	46.0
91.43	46.0
91.5	5.0
92.0	5.0
92.07	46.5
92.43	46.5
92.5	5.0
93.0	5.0
93.07	47.0
93.43	47.0
93.5	5.0
94.0	5.0
94.07	47.5
94.43	47.5
94.5	5.0
95.0	5.0
95.07	48.0
95.43	48.0
95.5	5.0
96.0	5.0
96.07	48.5
96.43	48.5
96.5	5.0
97.0	5.0
97.07	49.0
97.43	49.0
97.5	5.0
98.0	5.0
98.07	49.5
98.43	49.5
98.5	5.0
99.0	5.0
99.07	50.0
99.43	50.0
99.5	5.0
100.0	5.0
100.07	50.5
100.43	50.5
100.5	5.0
101.0	5.0
101.07	51.0
101.43	51.0
101.5	5.0
102.0	5.0
102.07	51.5
102.43	51.5
102.5	5.0
103.0	5.0
103.07	52.0
103.43	52.0
103.5	5.0
104.0	5.0
104.07	52.5
104.43	52.5
104.5	5.0
105.0	5.0
105.07	53.0
105.43	53.0
105.5	5.0
106.0	5.0
106.07	53.5
106.43	53.5
106.5	5.0
107.0	5.0
107.07	54.0
107.43	54.0
107.5	5.0
108.0	5.0
108.07	54.5
108.43	54.5
108.5	5.0
109.0	5.0
109.07	55.0
109.43	55.0
109.5	5.0
110.0	5.0
110.07	55.5
110.43	55.5
110.5	5.0
111.0	5.0
111.07	56.0
111.43	56.0
111.5	5.0
112.0	5.0
112.07	56.5
112.43	56.5
112.5	5.0
113.0	5.0
113.07	57.0
113.43	57.0
113.5	5.0
114.0	5.0
114.07	57.5
114.43	57.5
114.5	5.0
115.0	5.0
115.07	58.0
115.43	58.0
115.5	5.0
116.0	5.0
116.07	58.5
116.43	58.5
116.5	5.0
117.0	5.0
117.07	59.0
117.43	59.0
117.5	5.0
118.0	5.0
118.07	59.5
118.43	59.5
118.5	5.0
119.0	5.0
119.07	60.0
119.43	60.0
119.5	5.0
120.0	5.0
120.07	60.5
120.43	60.5
120.5	5.0
121.0	5.0
121.07	61.0
121.43	61.0
121.5	5.0
122.0	5.0
122.07	61.5
122.43	61.5
122.5	5.0
123.0	5.0
123.07	62.0
123.43	62.0
123.5	5.0
124.0	5.0
124.07	62.5
124.43	62.5
124.5	5.0
125.0	5.0
125.07	63.0
125.43	63.0
125.5	5.0
126.0	5.0
126.07	63.5
126.43	63.5
126.5	5.0
127.0	5.0
127.07	64.0
127.43	64.0
127.5	5.0
128.0	5.0
128.07	64.5
128.43	64.5
128.5	5.0
129.0	5.0
129.07	65.0
129.43	65.0
129.5	5.0
130.0	5.0
130.07	65.5
130.43	65.5
130.5	5.0
131.0	5.0
131.07	66.0
131.43	66.0
131.5	5.0
132.0	5.0
132.07	66.5
132.43	66.5
132.5	5.0
133.0	5.0
133.07	67.0
133.43	67.0
133.5	5.0
134.0	5.0
134.07	67.5
134.43	67.5
134.5	5.0
135.0	5.0
135.07	68.0
135.43	68.0
135.5	5.0
136.0	5.0
136.07	68.5
136.43	68.5
136.5	5.0
137.0	5.0
137.07	69.0
137.43	69.0
137.5	5.0
138.0	5.0
138.07	69.5
138.43	69.5
138.5	5.0
139.0	5.0
139.07	70.0
139.43	70.0
139.5	5.0
140.0	5.0
140.07	70.5
140.43	70.5
140.5	5.0
141.0	5.0
141.07	71.0
141.43	71.0
141.5	5.0
142.0	5.0
142.07	71.5
142.43	71.5
142.5	5.0
143.0	5.0
143.07	72.0
143.43	72.0
143.5	5.0
144.0	5.0
144.07	72.5
144.43	72.5
144.5	5.0
145.0	5.0
145.07	73.0
145.43	73.0
145.5	5.0
146.0	5.0
146.07	73.5
146.43	73.5
146.5	5.0
147.0	5.0
147.07	74.0
147.43	74.0
147.5	5.0
148.0	5.0
148.07	74.5
148.43	74.5
148.5	5.0
149.0	5.0
149.07	75.0
149.43	75.0
149.5	5.0
150.0	5.0
150.07	75.5
150.43	75.5
150.5	5.0
151.0	5.0
151.07	76.0
151.43	76.0
151.5	5.0
152.0	5.0
152.07	76.5
152.43	76.5
152.5	5.0
153.0	5.0
153.07	77.0
153.43	77.0
153.5	5.0
154.0	5.0
154.07	77.5
154.43	77.5
154.5	5.0
155.0	5.0
155.07	78.0
155.43	78.0
155.5	5.0
156.0	5.0
156.07	78.5
156.43	78.5
156.5	5.0
157.0	5.0
157.07	79.0
157.43	79.0
157.5	5.0
158.0	5.0
158.07	79.5
158.43	79.5
158.5	5.0
159.0	5.0
159.07	80.0
159.43	80.0
159.5	5.0
160.0	5.0
160.07	80.5
160.43	80.5
160.5	5.0
161.0	5.0
161.07	81.0
161.43	81.0
161.5	5.0
162.0	5.0
162.07	81.5
162.43	81.5
162.5	5.0
163.0	5.0
163.07	82.0
163.43	82.0
163.5	5.0
164.0	5.0
164.07	82.5
164.43	82.5
164.5	5.0
165.0	5.0
165.07	83.0
165.43	83.0
165.5	5.0
166.0	5.0
166.07	83.5
166.43	83.5
166.5	5.0
167.0	5.0
167.07	84.0
167.43	84.0
167.5	5.0
168.0	5.0
168.07	84.5
168.43	84.5
168.5	5.0
169.0	5.0
169.07	85.0
169.43	85.0
169.5	5.0
170.0	5.0
170.07	85.5
170.43	85.5
170.5	5.0
171.0	5.0
171.07	86.0
171.43	86.0
171.5	5.0
172.0	5.0
172.07	86.5
172.43	86.5
172.5	5.0
173.0	5.0
173.07	87.0
173.43	87.0
173.5	5.0
174.0	5.0
174.07	87.5
174.43	87.5
174.5	5.0
175.0	5.0
175.07	88.0
175.43	88.0
175.5	5.0
176.0	5.0
176.07	88.5
176.43	88.5
176.5	5.0
177.0	5.0
177.07	89.0
177.43	89.0
177.5	5.0
178.0	5.0
178.07	89.5
178.43	89.5
178.5	5.0
179.0	5.0
179.07	90.0
179.43	90.0
179.5	5.0
180.0	5.0
180.07	90.5
180.43	90.5
180.5	5.0
181.0	5.0
181.07	91.0
181.43	91.0
181.5	5.0
182.0	5.0
182.07	91.5
182.43	91.5
182.5	5.0
183.0	5.0
183.07	92.0
183.43	92.0
183.5	5.0
184.0	5.0
184.07	92.5
184.43	92.5
184.5	5.0
185.0	5.0
185.07	93.0
185.43	93.0
185.5	5.0
186.0	5.0
186.07	93.5
186.43	93.5
186.5	5.0
187.0	5.0
187.07	94.0
187.43	94.0
187.5	5.0
188.0	5.0
188.07	94.5
188.43	94.5
188.5	5.0
189.0	5.0
189.07	95.0
189.43	95.0
189.5	5.0
190.0	5.0
190.07	95.5
190.43	95.5
190.5	5.0
191.0	5.0
191.07	96.0
191.43	96.0
191.5	5.0
192.0	5.0
192.07	96.5
192.43	96.5
192.5	5.0
193.0	5.0
193.07	97.0
193.43	97.0
193.5	5.0
194.0	5.0
194.07	97.5
194.43	97.5
194.5	5.0
195.0	5.0
195.07	98.0
195.43	98.0
195.5	5.0
196.0	5.0
196.07	98.5
196.43	98.5
196.5	5.0
197.0	5.0
197.07	99.0
197.43	99.0
197.5	5.0
198.0	5.0
198.07	99.5
198.43	99.5
198.5	5.0
199.0	5.0
199.07	100.0
199.43	100.0
199.5	5.0
200.0	5.0
200.07	100.5
200.43	100.5
200.5	5.0
201.0	5.0
201.07	101.0
201.43	101.0
201.5	5.0
202.0	5.0
202.07	101.5
202.43	101.5
202.5	5.0
203.0	5.0
203.07	102.0
203.43	102.0
203.5	5.0
204.0	5.0
204.07	102.5
204.43	102.5
204.5	5.0
205.0	5.0
205.07	103.0
205.43	103.0
205.5	5.0
206.0	5.0
206.07	103.5
206.43	103.5
206.5	5.0
207.0	5.0
207.07	104.0
207.43	104.0
207.5	5.0
208.0	5.0
208.07	104.5
208.43	104.5
208.5	5.0
209.0	5.0
209.07	105.0
209.43	105.0
209.5	5.0
210.0	5.0
210.07	99.5
210.43	99.5
210.5	5.0
211.0	5.0
211.07	99.0
211.43	99.0
211.5	5.0
212.0	5.0
212.07	98.5
212.43	98.5
212.5	5.0
213.0	5.0
213.07	98.0
213.43	98.0
213.5	5.0
214.0	5.0
214.07	97.5
214.43	97.5
214.5	5.0
215.0	5.0
215.07	97.0
215.43	97.0
215.5	5.0
216.0	5.0
216.07	96.5
216.43	96.5
216.5	5.0
217.0	5.0
217.07	96.0
217.43	96.0
217.5	5.0
218.0	5.0
218.07	95.5
218.43	95.5
218.5	5.0
219.0	5.0
219.07	95.0
219.43	95.0
219.5	5.0
220.0	5.0
220.07	94.5
220.43	94.5
220.5	5.0
221.0	5.0
221.07	94.0
221.43	94.0
221.5	5.0
222.0	5.0
222.07	93.5
222.43	93.5
222.5	5.0
223.0	5.0
223.07	93.0
223.43	93.0
223.5	5.0
224.0	5.0
224.07	92.5
224.43	92.5
224.5	5.0
225.0	5.0
225.07	92.0
225.43	92.0
225.5	5.0
226.0	5.0
226.07	91.5
226.43	91.5
226.5	5.0
227.0	5.0
227.07	91.0
227.43	91.0
227.5	5.0
228.0	5.0
228.07	90.5
228.43	90.5
228.5	5.0
229.0	5.0
229.07	90.0
229.43	90.0
229.5	5.0
230.0	5.0
230.07	89.5
230.43	89.5
230.5	5.0
231.0	5.0
231.07	89.0
231.43	89.0
231.5	5.0
232.0	5.0
232.07	88.5
232.43	88.5
232.5	5.0
233.0	5.0
233.07	88.0
233.43	88.0
233.5	5.0
234.0	5.0
234.07	87.5
234.43	87.5
234.5	5.0
235.0	5.0
235.07	87.0
235.43	87.0
235.5	5.0
236.0	5.0
236.07	86.5
236.43	86.5
236.5	5.0
237.0	5.0
237.07	86.0
237.43	86.0
237.5	5.0
238.0	5.0
238.07	85.5
238.43	85.5
238.5	5.0
239.0	5.0
239.07	85.0
239.43	85.0
239.5	5.0
240.0	5.0
240.07	84.5
240.43	84.5
240.5	5.0
241.0	5.0
241.07	84.0
241.43	84.0
241.5	5.0
242.0	5.0
242.07	83.5
242.43	83.5
242.5	5.0
243.0	5.0
243.07	83.0
243.43	83.0
243.5	5.0
244.0	5.0
244.07	82.5
244.43	82.5
244.5	5.0
245.0	5.0
245.07	82.0
245.43	82.0
245.5	5.0
246.0	5.0
246.07	81.5
246.43	81.5
246.5	5.0
247.0	5.0
247.07	81.0
247.43	81.0
247.5	5.0
248.0	5.0
248.07	80.5
248.43	80.5
248.5	5.0
249.0	5.0
249.07	80.0
249.43	80.0
249.5	5.0
250.0	5.0
250.07	79.5
250.43	79.5
250.5	5.0
251.0	5.0
251.07	79.0
251.43	79.0
251.5	5.0
252.0	5.0
252.07	78.5
252.43	78.5
252.5	5.0
253.0	5.0
253.07	78.0
253.43	78.0
253.5	5.0
254.0	5.0
254.07	77.5
254.43	77.5
254.5	5.0
255.0	5.0
255.07	77.0
255.43	77.0
255.5	5.0
256.0	5.0
256.07	76.5
256.43	76.5
256.5	5.0
257.0	5.0
257.07	76.0
257.43	76.0
257.5	5.0
258.0	5.0
258.07	75.5
258.43	75.5
258.5	5.0
259.0	5.0
259.07	75.0
259.43	75.0
259.5	5.0
260.0	5.0
260.07	74.5
260.43	74.5
260.5	5.0
261.0	5.0
261.07	74.0
261.43	74.0
261.5	5.0
262.0	5.0
262.07	73.5
262.43	73.5
262.5	5.0
263.0	5.0
263.07	73.0
263.43	73.0
263.5	5.0
264.0	5.0
264.07	72.5
264.43	72.5
264.5	5.0
265.0	5.0
265.07	72.0
265.43	72.0
265.5	5.0
266.0	5.0
266.07	71.5
266.43	71.5
266.5	5.0
267.0	5.0
267.07	71.0
267.43	71.0
267.5	5.0
268.0	5.0
268.07	70.5
268.43	70.5
268.5	5.0
269.0	5.0
269.07	70.0
269.43	70.0
269.5	5.0
270.0	5.0
270.07	69.5
270.43	69.5
270.5	5.0
271.0	5.0
271.07	69.0
271.43	69.0
271.5	5.0
272.0	5.0
272.07	68.5
272.43	68.5
272.5	5.0
273.0	5.0
273.07	68.0
273.43	68.0
273.5	5.0
274.0	5.0
274.07	67.5
274.43	67.5
274.5	5.0
275.0	5.0
275.07	67.0
275.43	67.0
275.5	5.0
276.0	5.0
276.07	66.5
276.43	66.5
276.5	5.0
277.0	5.0
277.07	66.0
277.43	66.0
277.5	5.0
278.0	5.0
278.07	65.5
278.43	65.5
278.5	5.0
279.0	5.0
279.07	65.0
279.43	65.0
279.5	5.0
280.0	5.0
280.07	64.5
280.43	64.5
280.5	5.0
281.0	5.0
281.07	64.0
281.43	64.0
281.5	5.0
282.0	5.0
282.07	63.5
282.43	63.5
282.5	5.0
283.0	5.0
283.07	63.0
283.43	63.0
283.5	5.0
284.0	5.0
284.07	62.5
284.43	62.5
284.5	5.0
285.0	5.0
285.07	62.0
285.43	62.0
285.5	5.0
286.0	5.0
286.07	61.5
286.43	61.5
286.5	5.0
287.0	5.0
287.07	61.0
287.43	61.0
287.5	5.0
288.0	5.0
288.07	60.5
288.43	60.5
288.5	5.0
289.0	5.0
289.07	60.0
289.43	60.0
289.5	5.0
290.0	5.0
290.07	59.5
290.43	59.5
290.5	5.0
291.0	5.0
291.07	59.0
291.43	59.0
291.5	5.0
292.0	5.0
292.07	58.5
292.43	58.5
292.5	5.0
293.0	5.0
293.07	58.0
293.43	58.0
293.5	5.0
294.0	5.0
294.07	57.5
294.43	57.5
294.5	5.0
295.0	5.0
295.07	57.0
295.43	57.0
295.5	5.0
296.0	5.0
296.07	56.5
296.43	56.5
296.5	5.0
297.0	5.0
297.07	56.0
297.43	56.0
297.5	5.0
298.0	5.0
298.07	55.5
298.43	55.5
298.5	5.0
299.0	5.0
299.07	55.0
299.43	55.0
299.5	5.0
300.0	5.0
300.07	54.5
300.43	54.5
300.5	5.0
301.0	5.0
301.07	54.0
301.43	54.0
301.5	5.0
302.0	5.0
302.07	53.5
302.43	53.5
302.5	5.0
303.0	5.0
303.07	53.0
303.43	53.0
303.5	5.0
304.0	5.0
304.07	52.5
304.43	52.5
304.5	5.0
305.0	5.0
305.07	52.0
305.43	52.0
305.5	5.0
306.0	5.0
306.07	51.5
306.43	51.5
306.5	5.0
307.0	5.0
307.07	51.0
307.43	51.0
307.5	5.0
308.0	5.0
308.07	50.5
308.43	50.5
308.5	5.0
309.0	5.0
309.07	50.0
309.43	50.0
309.5	5.0
310.0	5.0
310.07	69.74401583899518
310.43	69.74401583899518
310.5	5.0
311.0	5.0
311.07	57.474769615355186
311.43	57.474769615355186
311.5	5.0
312.0	5.0
312.07	43.028672211476845
312.43	43.028672211476845
312.5	5.0
313.0	5.0
313.07	57.27387100621523
313.43	57.27387100621523
313.5	5.0
314.0	5.0
314.07	49.41716797222603
314.43	49.41716797222603
314.5	5.0
315.0	5.0
315.07	56.94547551196792
315.43	56.94547551196792
315.5	5.0
316.0	5.0
316.07	56.422791701749986
316.43	56.422791701749986
316.5	5.0
317.0	5.0
317.07	61.59242413214558
317.43	61.59242413214558
317.5	5.0
318.0	5.0
318.07	47.41357895432488
318.43	47.41357895432488
318.5	5.0
319.0	5.0
319.07	50.68389267713968
319.43	50.68389267713968
319.5	5.0
320.0	5.0
320.07	45.71512925382815
320.43	45.71512925382815
320.5	5.0
321.0	5.0
321.07	60.17741896057359
321.43	60.17741896057359
321.5	5.0
322.0	5.0
322.07	51.61195474902436
322.43	51.61195474902436
322.5	5.0
323.0	5.0
323.07	66.94174825664959
323.43	66.94174825664959
323.5	5.0
324.0	5.0
324.07	67.058171596833
324.43	67.058171596833
324.5	5.0
325.0	5.0
325.07	44.46619161836836
325.43	44.46619161836836
325.5	5.0
326.0	5.0
326.07	64.8886170047785
326.43	64.8886170047785
326.5	5.0
327.0	5.0
327.07	53.029706582554006
327.43	53.029706582554006
327.5	5.0
328.0	5.0
328.07	68.97870033419466
328.43	68.97870033419466
328.5	5.0
329.0	5.0
329.07	56.62676949217299
329.43	56.62676949217299
329.5	5.0
330.0	5.0
330.07	45.81347655135776
330.43	45.81347655135776
330.5	5.0
331.0	5.0
331.07	69.15946339789231
331.43	69.15946339789231
331.5	5.0
332.0	5.0
332.07	62.96179311721073
332.43	62.96179311721073
332.5	5.0
333.0	5.0
333.07	40.18133468506184
333.43	40.18133468506184
333.5	5.0
334.0	5.0
334.07	58.81683634529832
334.43	58.81683634529832
334.5	5.0
335.0	5.0
335.07	60.99658098786661
335.43	60.99658098786661
335.5	5.0
336.0	5.0
336.07	64.13072965329268
336.43	64.13072965329268
336.5	5.0
337.0	5.0
337.07	40.381956312404725
337.43	40.381956312404725
337.5	5.0
338.0	5.0
338.07	49.078949018921605
338.43	49.078949018921605
338.5	5.0
339.0	5.0
339.07	62.633845213079056
339.43	62.633845213079056
339.5	5.0
340.0	5.0
340.07	41.221101681157904
340.43	41.221101681157904
340.5	5.0
341.0	5.0
341.07	69.67511386808772
341.43	69.67511386808772
341.5	5.0
342.0	5.0
342.07	49.738625458694926
342.43	49.738625458694926
342.5	5.0
343.0	5.0
343.07	57.92764333978236
343.43	57.92764333978236
343.5	5.0
344.0	5.0
344.07	41.730761965598106
344.43	41.730761965598106
344.5	5.0
345.0	5.0
345.07	67.90434722072496
345.43	67.90434722072496
345.5	5.0
346.0	5.0
346.07	57.660779250577704
346.43	57.660779250577704
346.5	5.0
347.0	5.0
347.07	44.841872685038325
347.43	44.841872685038325
347.5	5.0
348.0	5.0
348.07	49.534577353484195
348.43	49.534577353484195
348.5	5.0
349.0	5.0
349.07	46.73459649469551
349.43	46.73459649469551
349.5	5.0
350.0	5.0
350.07	68.32670541707188
350.43	68.32670541707188
350.5	5.0
351.0	5.0
351.07	62.11726898497052
351.43	62.11726898497052
351.5	5.0
352.0	5.0
352.07	41.18332829590313
352.43	41.18332829590313
352.5	5.0
353.0	5.0
353.07	66.53852839557902
353.43	66.53852839557902
353.5	5.0
354.0	5.0
354.07	43.799378200489784
354.43	43.799378200489784
354.5	5.0
355.0	5.0
355.07	68.93295804783911
355.43	68.93295804783911
355.5	5.0
356.0	5.0
356.07	59.64898794956153
356.43	59.64898794956153
356.5	5.0
357.0	5.0
357.07	47.51714104336637
357.43	47.51714104336637
357.5	5.0
358.0	5.0
358.07	60.67889984531358
358.43	60.67889984531358
358.5	5.0
359.0	5.0
359.07	68.53562878229239
359.43	68.53562878229239
359.5	5.0
360.0	5.0
360.07	40.6927718746926
360.43	40.6927718746926
360.5	5.0
361.0	5.0
361.07	55.82859535648025
361.43	55.82859535648025
361.5	5.0
362.0	5.0
362.07	60.215395910222654
362.43	60.215395910222654
362.5	5.0
363.0	5.0
363.07	52.509542413572404
363.43	52.509542413572404
363.5	5.0
364.0	5.0
364.07	64.80752897952776
364.43	64.80752897952776
364.5	5.0
365.0	5.0
365.07	54.244704827950976
365.43	54.244704827950976
365.5	5.0
366.0	5.0
366.07	57.89950785600751
366.43	57.89950785600751
366.5	5.0
367.0	5.0
367.07	44.53396619161109
367.43	44.53396619161109
367.5	5.0
368.0	5.0
368.07	63.2764041153594
368.43	63.2764041153594
368.5	5.0
369.0	5.0
369.07	63.77114125630361
369.43	63.77114125630361
369.5	5.0
370.0	5.0
370.07	47.905565000680795
370.43	47.905565000680795
370.5	5.0
371.0	5.0
371.07	45.58377671789208
371.43	45.58377671789208
371.5	5.0
372.0	5.0
372.07	64.6071167727323
372.43	64.6071167727323
372.5	5.0
373.0	5.0
373.07	62.62978280734809
373.43	62.62978280734809
373.5	5.0
374.0	5.0
374.07	45.710738588369054
374.43	45.710738588369054
374.5	5.0
375.0	5.0
375.07	53.29070674644725
375.43	53.29070674644725
375.5	5.0
376.0	5.0
376.07	43.5722363749058
376.43	43.5722363749058
376.5	5.0
377.0	5.0
377.07	66.71608065665929
377.43	66.71608065665929
377.5	5.0
378.0	5.0
378.07	42.18873522644315
378.43	42.18873522644315
378.5	5.0
379.0	5.0
379.07	66.66491065506969
379.43	66.66491065506969
379.5	5.0
380.0	5.0
380.07	65.25019522325893
380.43	65.25019522325893
380.5	5.0
381.0	5.0
381.07	50.63344917833383
381.43	50.63344917833383
381.5	5.0
382.0	5.0
382.07	44.45262933629256
382.43	44.45262933629256
382.5	5.0
383.0	5.0
383.07	65.7961555167781
383.43	65.7961555167781
383.5	5.0
384.0	5.0
384.07	47.382341161480895
384.43	47.382341161480895
384.5	5.0
385.0	5.0
385.07	43.34423625298535
385.43	43.34423625298535
385.5	5.0
386.0	5.0
386.07	51.99077647261694
386.43	51.99077647261694
386.5	5.0
387.0	5.0
387.07	65.1391944397198
387.43	65.1391944397198
387.5	5.0
388.0	5.0
388.07	56.539023384455504
388.43	56.539023384455504
388.5	5.0
389.0	5.0
389.07	53.21055656492321
389.43	53.21055656492321
389.5	5.0
390.0	5.0
390.07	49.77825495201763
390.43	49.77825495201763
390.5	5.0
391.0	5.0
391.07	44.390336436213175
391.43	44.390336436213175
391.5	5.0
392.0	5.0
392.07	40.623655696447955
392.43	40.623655696447955
392.5	5.0
393.0	5.0
393.07	49.65062258591331
393.43	49.65062258591331
393.5	5.0
394.0	5.0
394.07	57.92574320188798
394.43	57.92574320188798
394.5	5.0
395.0	5.0
395.07	67.05429227080715
395.43	67.05429227080715
395.5	5.0
396.0	5.0
396.07	62.50497674989965
396.43	62.50497674989965
396.5	5.0
397.0	5.0
397.07	55.81019885883559
397.43	55.81019885883559
397.5	5.0
398.0	5.0
398.07	61.56740179350184
398.43	61.56740179350184
398.5	5.0
399.0	5.0
399.07	58.732184164190144
399.43	58.732184164190144
399.5	5.0
400.0	5.0
400.07	55.28115169671145
400.43	55.28115169671145
400.5	5.0
401.0	5.0
401.07	67.78617144668976
401.43	67.78617144668976
401.5	5.0
402.0	5.0
402.07	51.40248043770638
402.43	51.40248043770638
402.5	5.0
403.0	5.0
403.07	63.7413134666495
403.43	63.7413134666495
403.5	5.0
404.0	5.0
404.07	57.23276473774946
404.43	57.23276473774946
404.5	5.0
405.0	5.0
405.07	65.69012816984997
405.43	65.69012816984997
405.5	5.0
406.0	5.0
406.07	69.37130018047517
406.43	69.37130018047517
406.5	5.0
407.0	5.0
407.07	52.73718654557325
407.43	52.73718654557325
407.5	5.0
408.0	5.0
408.07	40.371205491006315
408.43	40.371205491006315
408.5	5.0
409.0	5.0
409.07	46.5357532219155
409.43	46.5357532219155
409.5	5.0
410.0	5.0
410.07	47.00965926047124
410.43	47.00965926047124
410.5	5.0
411.0	5.0
411.07	48.61009974293045
411.43	48.61009974293045
411.5	5.0
412.0	5.0
412.07	57.28743923152952
412.43	57.28743923152952
412.5	5.0
413.0	5.0
413.07	59.53532521416698
413.43	59.53532521416698
413.5	5.0
414.0	5.0
414.07	64.46515004657397
414.43	64.46515004657397
414.5	5.0
415.0	5.0
415.07	63.67285614008492
415.43	63.67285614008492
415.5	5.0
416.0	5.0
416.07	65.12935503482768
416.43	65.12935503482768
416.5	5.0
417.0	5.0
417.07	49.49877781686575
417.43	49.49877781686575
417.5	5.0
418.0	5.0
418.07	54.34341128187927
418.43	54.34341128187927
418.5	5.0
419.0	5.0
419.07	54.18836440210872
419.43	54.18836440210872
419.5	5.0
420.0	5.0
420.07	63.23149181040754
420.43	63.23149181040754
420.5	5.0
421.0	5.0
421.07	41.0942559979003
421.43	41.0942559979003
421.5	5.0
422.0	5.0
422.07	50.62632767882192
422.43	50.62632767882192
422.5	5.0
423.0	5.0
423.07	53.83369011681402
423.43	53.83369011681402
423.5	5.0
424.0	5.0
424.07	53.941051057460015
424.43	53.941051057460015
424.5	5.0
425.0	5.0
425.07	67.2812991528341
425.43	67.2812991528341
425.5	5.0
426.0	5.0
426.07	51.98364575687828
426.43	51.98364575687828
426.5	5.0
427.0	5.0
427.07	43.02991421058663
427.43	43.02991421058663
427.5	5.0
428.0	5.0
428.07	52.74640788363877
428.43	52.74640788363877
428.5	5.0
429.0	5.0
429.07	67.1557743529792
429.43	67.1557743529792
429.5	5.0
430.0	5.0
430.07	61.60032388416464
430.43	61.60032388416464
430.5	5.0
431.0	5.0
431.07	62.200401643796226
431.43	62.200401643796226
431.5	5.0
432.0	5.0
432.07	47.36667666817801
432.43	47.36667666817801
432.5	5.0
433.0	5.0
433.07	65.87938648926821
433.43	65.87938648926821
433.5	5.0
434.0	5.0
434.07	44.30756131158526
434.43	44.30756131158526
434.5	5.0
435.0	5.0
435.07	63.258290818308296
435.43	63.258290818308296
435.5	5.0
436.0	5.0
436.07	56.198123545276275
436.43	56.198123545276275
436.5	5.0
437.0	5.0
437.07	56.44220340999482
437.43	56.44220340999482
437.5	5.0
438.0	5.0
438.07	54.24466640374233
438.43	54.24466640374233
438.5	5.0
439.0	5.0
439.07	48.936052063911816
439.43	48.936052063911816
439.5	5.0
440.0	5.0
440.07	67.67631267059916
440.43	67.67631267059916
440.5	5.0
441.0	5.0
441.07	55.15797098506455
441.43	55.15797098506455
441.5	5.0
442.0	5.0
442.07	46.489231370849176
442.43	46.489231370849176
442.5	5.0
443.0	5.0
443.07	40.88410278743014
443.43	40.88410278743014
443.5	5.0
444.0	5.0
444.07	44.364022339974866
444.43	44.364022339974866
444.5	5.0
445.0	5.0
445.07	50.319720590972956
445.43	50.319720590972956
445.5	5.0
446.0	5.0
446.07	45.86275974327566
446.43	45.86275974327566
446.5	5.0
447.0	5.0
447.07	55.30563283439063
447.43	55.30563283439063
447.5	5.0
448.0	5.0
448.07	40.48809752844366
448.43	40.48809752844366
448.5	5.0
449.0	5.0
449.07	51.98239713212921
449.43	51.98239713212921
449.5	5.0
450.0	5.0
450.07	58.247296065725116
450.43	58.247296065725116
450.5	5.0
451.0	5.0
451.07	62.74270112696783
451.43	62.74270112696783
451.5	5.0
452.0	5.0
452.07	61.613943959799855
452.43	61.613943959799855
452.5	5.0
453.0	5.0
453.07	51.11816925291592
453.43	51.11816925291592
453.5	5.0
454.0	5.0
454.07	55.0478431104181
454.43	55.0478431104181
454.5	5.0
455.0	5.0
455.07	67.34770478924986
455.43	67.34770478924986
455.5	5.0
456.0	5.0
456.07	43.84134362254574
456.43	43.84134362254574
456.5	5.0
457.0	5.0
457.07	62.08953424949245
457.43	62.08953424949245
457.5	5.0
458.0	5.0
458.07	53.35397473639136
458.43	53.35397473639136
458.5	5.0
459.0	5.0
459.07	61.19364117145902
459.43	61.19364117145902
459.5	5.0
460.0	5.0
460.07	49.75430035661121
460.43	49.75430035661121
460.5	5.0
461.0	5.0
461.07	52.53768088882882
461.43	52.53768088882882
461.5	5.0
462.0	5.0
462.07	47.10930199241811
462.43	47.10930199241811
462.5	5.0
463.0	5.0
463.07	47.22378550104299
463.43	47.22378550104299
463.5	5.0
464.0	5.0
464.07	42.90751196429283
464.43	42.90751196429283
464.5	5.0
465.0	5.0
465.07	65.4431245178254
465.43	65.4431245178254
465.5	5.0
466.0	5.0
466.07	67.97197940943116
466.43	67.97197940943116
466.5	5.0
467.0	5.0
467.07	59.371339654634994
467.43	59.371339654634994
467.5	5.0
468.0	5.0
468.07	48.4476986318862
468.43	48.4476986318862
468.5	5.0
469.0	5.0
469.07	62.354827971631934
469.43	62.354827971631934
469.5	5.0
470.0	5.0
470.07	58.36506282878692
470.43	58.36506282878692
470.5	5.0
471.0	5.0
471.07	58.04043301982682
471.43	58.04043301982682
471.5	5.0
472.0	5.0
472.07	65.48503761248433
472.43	65.48503761248433
472.5	5.0
473.0	5.0
473.07	69.14041444225626
473.43	69.14041444225626
473.5	5.0
474.0	5.0
474.07	42.157036418567465
474.43	42.157036418567465
474.5	5.0
475.0	5.0
475.07	47.64230158701804
475.43	47.64230158701804
475.5	5.0
476.0	5.0
476.07	66.56317386940603
476.43	66.56317386940603
476.5	5.0
477.0	5.0
477.07	50.58312036527086
477.43	50.58312036527086
477.5	5.0
478.0	5.0
478.07	66.6878254706912
478.43	66.6878254706912
478.5	5.0
479.0	5.0
479.07	52.96505313488938
479.43	52.96505313488938
479.5	5.0
480.0	5.0
480.07	68.94032057696549
480.43	68.94032057696549
480.5	5.0
481.0	5.0
481.07	64.3499184275459
481.43	64.3499184275459
481.5	5.0
482.0	5.0
482.07	55.20867499704909
482.43	55.20867499704909
482.5	5.0
483.0	5.0
483.07	49.994193274969355
483.43	49.994193274969355
483.5	5.0
484.0	5.0
484.07	62.84411987269443
484.43	62.84411987269443
484.5	5.0
485.0	5.0
485.07	57.18653758480569
485.43	57.18653758480569
485.5	5.0
486.0	5.0
486.07	64.42347769510488
486.43	64.42347769510488
486.5	5.0
487.0	5.0
487.07	55.9213122127874
487.43	55.9213122127874
487.5	5.0
488.0	5.0
488.07	59.49503687748074
488.43	59.49503687748074
488.5	5.0
489.0	5.0
489.07	69.37613964416342
489.43	69.37613964416342
489.5	5.0
490.0	5.0
490.07	66.70023144310646
490.43	66.70023144310646
490.5	5.0
491.0	5.0
491.07	52.07630132249479
491.43	52.07630132249479
491.5	5.0
492.0	5.0
492.07	59.33570462049846
492.43	59.33570462049846
492.5	5.0
493.0	5.0
493.07	57.26097920922028
493.43	57.26097920922028
493.5	5.0
494.0	5.0
494.07	53.17166218976811
494.43	53.17166218976811
494.5	5.0
495.0	5.0
495.07	64.46533327495781
495.43	64.46533327495781
495.5	5.0
496.0	5.0
496.07	64.89974815933391
496.43	64.89974815933391
496.5	5.0
497.0	5.0
497.07	66.1373668501995
497.43	66.1373668501995
497.5	5.0
498.0	5.0
498.07	45.46804993161871
498.43	45.46804993161871
498.5	5.0
499.0	5.0
499.07	66.90171628174792
499.43	66.90171628174792
499.5	5.0
500.0	5.0
500.07	41.52076400467765
500.43	41.52076400467765
500.5	5.0
501.0	5.0
501.07	57.14944912626128
501.43	57.14944912626128
501.5	5.0
502.0	5.0
502.07	50.192040431066154
502.43	50.192040431066154
502.5	5.0
503.0	5.0
503.07	59.56492939559742
503.43	59.56492939559742
503.5	5.0
504.0	5.0
504.07	66.87418066579366
504.43	66.87418066579366
504.5	5.0
505.0	5.0
505.07	41.951138992340326
505.43	41.951138992340326
505.5	5.0
506.0	5.0
506.07	56.16698530321751
506.43	56.16698530321751
506.5	5.0
507.0	5.0
507.07	55.3541678776141
507.43	55.3541678776141
507.5	5.0
508.0	5.0
508.07	60.71479468610002
508.43	60.71479468610002
508.5	5.0
509.0	5.0
509.07	50.25832293615696
509.43	50.25832293615696
509.5	5.0
510.0	5.0
510.07	49.11676186214996
510.43	49.11676186214996
510.5	5.0
511.0	5.0
511.07	65.50458311218753
511.43	65.50458311218753
511.5	5.0
512.0	5.0
512.07	59.09504672199172
512.43	59.09504672199172
512.5	5.0
513.0	5.0
513.07	44.807635141986566
513.43	44.807635141986566
513.5	5.0
514.0	5.0
514.07	63.27173067672921
514.43	63.27173067672921
514.5	5.0
515.0	5.0
515.07	60.47738007088909
515.43	60.47738007088909
515.5	5.0
516.0	5.0
516.07	61.076013855689666
516.43	61.076013855689666
516.5	5.0
517.0	5.0
517.07	45.73039190105901
517.43	45.73039190105901
517.5	5.0
518.0	5.0
518.07	55.58865060451067
518.43	55.58865060451067
518.5	5.0
519.0	5.0
519.07	52.24662981120001
519.43	52.24662981120001
519.5	5.0
520.0	5.0
520.07	47.332747571462775
520.43	47.332747571462775
520.5	5.0
521.0	5.0
521.07	52.44746361772546
521.43	52.44746361772546
521.5	5.0
522.0	5.0
522.07	40.228072974625576
522.43	40.228072974625576
522.5	5.0
523.0	5.0
523.07	58.30138186677283
523.43	58.30138186677283
523.5	5.0
524.0	5.0
524.07	48.05272672501405
524.43	48.05272672501405
524.5	5.0
525.0	5.0
525.07	55.262533402696675
525.43	55.262533402696675
525.5	5.0
526.0	5.0
526.07	49.03090365599246
526.43	49.03090365599246
526.5	5.0
527.0	5.0
527.07	50.711724002876494
527.43	50.711724002876494
527.5	5.0
528.0	5.0
528.07	64.79154110024619
528.43	64.79154110024619
528.5	5.0
529.0	5.0
529.07	46.021499211851776
529.43	46.021499211851776
529.5	5.0
530.0	5.0
530.07	45.34249843084312
530.43	45.34249843084312
530.5	5.0
531.0	5.0
531.07	64.09785402677475
531.43	64.09785402677475
531.5	5.0
532.0	5.0
532.07	49.882479688326384
532.43	49.882479688326384
532.5	5.0
533.0	5.0
533.07	45.431077344273056
533.43	45.431077344273056
533.5	5.0
534.0	5.0
534.07	60.944034997171585
534.43	60.944034997171585
534.5	5.0
535.0	5.0
535.07	66.77096453436084
535.43	66.77096453436084
535.5	5.0
536.0	5.0
536.07	52.64955292907193
536.43	52.64955292907193
536.5	5.0
537.0	5.0
537.07	57.01149785708639
537.43	57.01149785708639
537.5	5.0
538.0	5.0
538.07	45.52151497423896
538.43	45.52151497423896
538.5	5.0
539.0	5.0
539.07	51.10068873602613
539.43	51.10068873602613
539.5	5.0
540.0	5.0
540.07	60.616903648383555
540.43	60.616903648383555
540.5	5.0
541.0	5.0
541.07	62.47912108868006
541.43	62.47912108868006
541.5	5.0
542.0	5.0
542.07	61.95173237217279
542.43	61.95173237217279
542.5	5.0
543.0	5.0
543.07	51.54749789366261
543.43	51.54749789366261
543.5	5.0
544.0	5.0
544.07	63.50320376453014
544.43	63.50320376453014
544.5	5.0
545.0	5.0
545.07	41.11865625930977
545.43	41.11865625930977
545.5	5.0
546.0	5.0
546.07	65.47622983460593
546.43	65.47622983460593
546.5	5.0
547.0	5.0
547.07	67.58999607050785
547.43	67.58999607050785
547.5	5.0
548.0	5.0
548.07	54.957824267842255
548.43	54.957824267842255
548.5	5.0
549.0	5.0
549.07	53.87318930458038
549.43	53.87318930458038
549.5	5.0
550.0	5.0
550.07	47.80258739008223
550.43	47.80258739008223
550.5	5.0
551.0	5.0
551.07	42.2245198788756
551.43	42.2245198788756
551.5	5.0
552.0	5.0
552.07	62.78837603314568
552.43	62.78837603314568
552.5	5.0
553.0	5.0
553.07	48.57249969752969
553.43	48.57249969752969
553.5	5.0
554.0	5.0
554.07	62.33402819082082
554.43	62.33402819082082
554.5	5.0
555.0	5.0
555.07	60.88272232345146
555.43	60.88272232345146
555.5	5.0
556.0	5.0
556.07	44.816083455043156
556.43	44.816083455043156
556.5	5.0
557.0	5.0
557.07	44.97112836790773
557.43	44.97112836790773
557.5	5.0
558.0	5.0
558.07	47.87353136712045
558.43	47.87353136712045
558.5	5.0
559.0	5.0
559.07	50.07243475637816
559.43	50.07243475637816
559.5	5.0
560.0	5.0
560.07	49.72704034269411
560.43	49.72704034269411
560.5	5.0
561.0	5.0
561.07	42.15909051059881
561.43	42.15909051059881
561.5	5.0
562.0	5.0
562.07	58.96168607070828
562.43	58.96168607070828
562.5	5.0
563.0	5.0
563.07	46.73981936526873
563.43	46.73981936526873
563.5	5.0
564.0	5.0
564.07	47.4851922873683
564.43	47.4851922873683
564.5	5.0
565.0	5.0
565.07	55.57938390850545
565.43	55.57938390850545
565.5	5.0
566.0	5.0
566.07	65.19421955523312
566.43	65.19421955523312
566.5	5.0
567.0	5.0
567.07	64.98496715184977
567.43	64.98496715184977
567.5	5.0
568.0	5.0
568.07	53.047668994070015
568.43	53.047668994070015
568.5	5.0
569.0	5.0
569.07	42.096099503058504
569.43	42.096099503058504
569.5	5.0
570.0	5.0
570.07	51.10588229556181
570.43	51.10588229556181
570.5	5.0
571.0	5.0
571.07	53.381717700636386
571.43	53.381717700636386
571.5	5.0
572.0	5.0
572.07	66.47824741552955
572.43	66.47824741552955
572.5	5.0
573.0	5.0
573.07	52.37068201920838
573.43	52.37068201920838
573.5	5.0
574.0	5.0
574.07	69.74130981007794
574.43	69.74130981007794
574.5	5.0
575.0	5.0
575.07	60.39494579651826
575.43	60.39494579651826
575.5	5.0
576.0	5.0
576.07	43.18990525615592
576.43	43.18990525615592
576.5	5.0
577.0	5.0
577.07	57.49922968332177
577.43	57.49922968332177
577.5	5.0
578.0	5.0
578.07	44.64006104458477
578.43	44.64006104458477
578.5	5.0
579.0	5.0
579.07	69.24448548620714
579.43	69.24448548620714
579.5	5.0
580.0	5.0
580.07	52.059566714046944
580.43	52.059566714046944
580.5	5.0
581.0	5.0
581.07	41.73225665874367
581.43	41.73225665874367
581.5	5.0
582.0	5.0
582.07	54.21689748779784
582.43	54.21689748779784
582.5	5.0
583.0	5.0
583.07	51.57845072221948
583.43	51.57845072221948
583.5	5.0
584.0	5.0
584.07	63.15571627566723
584.43	63.15571627566723
584.5	5.0
585.0	5.0
585.07	51.79894246657575
585.43	51.79894246657575
585.5	5.0
586.0	5.0
586.07	40.37952607037717
586.43	40.37952607037717
586.5	5.0
587.0	5.0
587.07	54.86591760370712
587.43	54.86591760370712
587.5	5.0
588.0	5.0
588.07	64.94792561959041
588.43	64.94792561959041
588.5	5.0
589.0	5.0
589.07	63.15879229451109
589.43	63.15879229451109
589.5	5.0
590.0	5.0
590.07	40.40514339789769
590.43	40.40514339789769
590.5	5.0
591.0	5.0
591.07	47.90528460707172
591.43	47.90528460707172
591.5	5.0
592.0	5.0
592.07	59.76367055781522
592.43	59.76367055781522
592.5	5.0
593.0	5.0
593.07	55.52120735792496
593.43	55.52120735792496
593.5	5.0
594.0	5.0
594.07	68.66242195586956
594.43	68.66242195586956
594.5	5.0
595.0	5.0
595.07	61.71623481840119
595.43	61.71623481840119
595.5	5.0
596.0	5.0
596.07	48.594189180228234
596.43	48.594189180228234
596.5	5.0
597.0	5.0
597.07	47.552442844302945
597.43	47.552442844302945
597.5	5.0
598.0	5.0
598.07	51.66214635292642
598.43	51.66214635292642
598.5	5.0
599.0	5.0
599.07	47.80281918205917
599.43	47.80281918205917
599.5	5.0
600.0	5.0
600.07	50.44974339383948
600.43	50.44974339383948
600.5	5.0
601.0	5.0
601.07	50.131347213957454
601.43	50.131347213957454
601.5	5.0
602.0	5.0
602.07	46.30572784078981
602.43	46.30572784078981
602.5	5.0
603.0	5.0
603.07	64.58420090138986
603.43	64.58420090138986
603.5	5.0
604.0	5.0
604.07	52.62154795679358
604.43	52.62154795679358
604.5	5.0
605.0	5.0
605.07	51.33271302887014
605.43	51.33271302887014
605.5	5.0
606.0	5.0
606.07	68.789083777365
606.43	68.789083777365
606.5	5.0
607.0	5.0
607.07	54.80072395208936
607.43	54.80072395208936
607.5	5.0
608.0	5.0
608.07	47.21323336003835
608.43	47.21323336003835
608.5	5.0
609.0	5.0
609.07	69.89233250902086
609.43	69.89233250902086
609.5	5.0
610.0	5.0
610.07	58.110258413568424
610.43	58.110258413568424
610.5	5.0
611.0	5.0
611.07	58.34200503221277
611.43	58.34200503221277
611.5	5.0
612.0	5.0
612.07	53.629677993246325
612.43	53.629677993246325
612.5	5.0
613.0	5.0
613.07	69.79961530961616
613.43	69.79961530961616
613.5	5.0
614.0	5.0
614.07	64.94093501854806
614.43	64.94093501854806
614.5	5.0
615.0	5.0
615.07	50.58307820282259
615.43	50.58307820282259
615.5	5.0
616.0	5.0
616.07	63.65831967172639
616.43	63.65831967172639
616.5	5.0
617.0	5.0
617.07	57.808027714951876
617.43	57.808027714951876
617.5	5.0
618.0	5.0
618.07	56.256853094990305
618.43	56.256853094990305
618.5	5.0
619.0	5.0
619.07	69.97427452896412
619.43	69.97427452896412
619.5	5.0
620.0	5.0
620.07	50.77968483309262
620.43	50.77968483309262
620.5	5.0
621.0	5.0
621.07	60.784388064815545
621.43	60.784388064815545
621.5	5.0
622.0	5.0
622.07	63.686951651528645
622.43	63.686951651528645
622.5	5.0
623.0	5.0
623.07	40.02672159482335
623.43	40.02672159482335
623.5	5.0
624.0	5.0
624.07	53.70256208953183
624.43	53.70256208953183
624.5	5.0
625.0	5.0
625.07	65.97448638377352
625.43	65.97448638377352
625.5	5.0
626.0	5.0
626.07	63.21336023668325
626.43	63.21336023668325
626.5	5.0
627.0	5.0
627.07	67.6437783698803
627.43	67.6437783698803
627.5	5.0
628.0	5.0
628.07	52.072731362128486
628.43	52.072731362128486
628.5	5.0
629.0	5.0
629.07	52.36750214773653
629.43	52.36750214773653
629.5	5.0
630.0	5.0
630.07	52.4996566359719
630.43	52.4996566359719
630.5	5.0
631.0	5.0
631.07	60.1275810081431
631.43	60.1275810081431
631.5	5.0
632.0	5.0
632.07	64.64729375745603
632.43	64.64729375745603
632.5	5.0
633.0	5.0
633.07	44.590200388537305
633.43	44.590200388537305
633.5	5.0
634.0	5.0
634.07	57.78648760339793
634.43	57.78648760339793
634.5	5.0
635.0	5.0
635.07	40.85541605000429
635.43	40.85541605000429
635.5	5.0
636.0	5.0
636.07	55.97092755513582
636.43	55.97092755513582
636.5	5.0
637.0	5.0
637.07	53.31340943451516
637.43	53.31340943451516
637.5	5.0
638.0	5.0
638.07	46.370902895281006
638.43	46.370902895281006
638.5	5.0
639.0	5.0
639.07	57.34259415539472
639.43	57.34259415539472
639.5	5.0
640.0	5.0
640.07	67.96313987010147
640.43	67.96313987010147
640.5	5.0
641.0	5.0
641.07	61.662939170276275
641.43	61.662939170276275
641.5	5.0
642.0	5.0
642.07	56.41088374294263
642.43	56.41088374294263
642.5	5.0
643.0	5.0
643.07	46.66974564127545
643.43	46.66974564127545
643.5	5.0
644.0	5.0
644.07	41.486161614891
644.43	41.486161614891
644.5	5.0
645.0	5.0
645.07	62.13968013794637
645.43	62.13968013794637
645.5	5.0
646.0	5.0
646.07	61.67242942063176
646.43	61.67242942063176
646.5	5.0
647.0	5.0
647.07	64.05666391693414
647.43	64.05666391693414
647.5	5.0
648.0	5.0
648.07	63.817039217775154
648.43	63.817039217775154
648.5	5.0
649.0	5.0
649.07	40.31203952188717
649.43	40.31203952188717
649.5	5.0
650.0	5.0
650.07	57.75019927096703
650.43	57.75019927096703
650.5	5.0
651.0	5.0
651.07	66.96760351982962
651.43	66.96760351982962
651.5	5.0
652.0	5.0
652.07	52.95031897475158
652.43	52.95031897475158
652.5	5.0
653.0	5.0
653.07	67.35184024023287
653.43	67.35184024023287
653.5	5.0
654.0	5.0
654.07	52.56688084453944
654.43	52.56688084453944
654.5	5.0
655.0	5.0
655.07	62.79592943716876
655.43	62.79592943716876
655.5	5.0
656.0	5.0
656.07	68.01059380904564
656.43	68.01059380904564
656.5	5.0
657.0	5.0
657.07	50.55509451836559
657.43	50.55509451836559
657.5	5.0
658.0	5.0
658.07	52.45100209340359
658.43	52.45100209340359
658.5	5.0
659.0	5.0
659.07	69.91635479632887
659.43	69.91635479632887
659.5	5.0
660.0	5.0
660.07	41.11121815568286
660.43	41.11121815568286
660.5	5.0
661.0	5.0
661.07	58.55380122295185
661.43	58.55380122295185
661.5	5.0
662.0	5.0
662.07	59.41998304157277
662.43	59.41998304157277
662.5	5.0
663.0	5.0
663.07	44.777506459947
663.43	44.777506459947
663.5	5.0
664.0	5.0
664.07	40.07331504450239
664.43	40.07331504450239
664.5	5.0
665.0	5.0
665.07	67.7022399770579
665.43	67.7022399770579
665.5	5.0
666.0	5.0
666.07	64.44957012360658
666.43	64.44957012360658
666.5	5.0
667.0	5.0
667.07	61.726616982367986
667.43	61.726616982367986
667.5	5.0
668.0	5.0
668.07	65.69977416404383
668.43	65.69977416404383
668.5	5.0
669.0	5.0
669.07	60.48389341888634
669.43	60.48389341888634
669.5	5.0
670.0	5.0
670.07	63.118349507969775
670.43	63.118349507969775
670.5	5.0
671.0	5.0
671.07	47.75122424933624
671.43	47.75122424933624
671.5	5.0
672.0	5.0
672.07	69.00938675275067
672.43	69.00938675275067
672.5	5.0
673.0	5.0
673.07	67.96106186523933
673.43	67.96106186523933
673.5	5.0
674.0	5.0
674.07	65.8371783007305
674.43	65.8371783007305
674.5	5.0
675.0	5.0
675.07	57.16811186981134
675.43	57.16811186981134
675.5	5.0
676.0	5.0
676.07	45.3975507378759
676.43	45.3975507378759
676.5	5.0
677.0	5.0
677.07	63.03213241548926
677.43	63.03213241548926
677.5	5.0
678.0	5.0
678.07	57.20458825710507
678.43	57.20458825710507
678.5	5.0
679.0	5.0
679.07	55.859118711559134
679.43	55.859118711559134
679.5	5.0
680.0	5.0
680.07	40.42132180975522
680.43	40.42132180975522
680.5	5.0
681.0	5.0
681.07	43.227351792869555
681.43	43.227351792869555
681.5	5.0
682.0	5.0
682.07	54.388288418780846
682.43	54.388288418780846
682.5	5.0
683.0	5.0
683.07	42.95775883071074
683.43	42.95775883071074
683.5	5.0
684.0	5.0
684.07	42.999355831395775
684.43	42.999355831395775
684.5	5.0
685.0	5.0
685.07	48.7123270801277
685.43	48.7123270801277
685.5	5.0
686.0	5.0
686.07	68.73777964947547
686.43	68.73777964947547
686.5	5.0
687.0	5.0
687.07	59.87296528646831
687.43	59.87296528646831
687.5	5.0
688.0	5.0
688.07	49.536592367870014
688.43	49.536592367870014
688.5	5.0
689.0	5.0
689.07	62.541721691122895
689.43	62.541721691122895
689.5	5.0
690.0	5.0
690.07	59.325519165223625
690.43	59.325519165223625
690.5	5.0
691.0	5.0
691.07	69.11698036643772
691.43	69.11698036643772
691.5	5.0
692.0	5.0
692.07	42.8308462480764
692.43	42.8308462480764
692.5	5.0
693.0	5.0
693.07	56.28683231024008
693.43	56.28683231024008
693.5	5.0
694.0	5.0
694.07	40.65562743659248
694.43	40.65562743659248
694.5	5.0
695.0	5.0
695.07	41.46687042296431
695.43	41.46687042296431
695.5	5.0
696.0	5.0
696.07	68.05125343784044
696.43	68.05125343784044
696.5	5.0
697.0	5.0
697.07	56.577794947812265
697.43	56.577794947812265
697.5	5.0
698.0	5.0
698.07	58.665633053609696
698.43	58.665633053609696
698.5	5.0
699.0	5.0
699.07	62.914025419022295
699.43	62.914025419022295
699.5	5.0
700.0	5.0
700.07	48.528940992226026
700.43	48.528940992226026
700.5	5.0
701.0	5.0
701.07	68.09121676076438
701.43	68.09121676076438
701.5	5.0
702.0	5.0
702.07	52.9789857509665
702.43	52.9789857509665
702.5	5.0
703.0	5.0
703.07	52.070053010886156
703.43	52.070053010886156
703.5	5.0
704.0	5.0
704.07	48.95420823901133
704.43	48.95420823901133
704.5	5.0
705.0	5.0
705.07	52.1994621923197
705.43	52.1994621923197
705.5	5.0
706.0	5.0
706.07	61.606941015806356
706.43	61.606941015806356
706.5	5.0
707.0	5.0
707.07	57.786910299260505
707.43	57.786910299260505
707.5	5.0
708.0	5.0
708.07	56.06625758318272
708.43	56.06625758318272
708.5	5.0
709.0	5.0
709.07	65.91858774224613
709.43	65.91858774224613
709.5	5.0
710.0	5.0
710.07	49.91309784223054
710.43	49.91309784223054
710.5	5.0
711.0	5.0
711.07	65.7988709019537
711.43	65.7988709019537
711.5	5.0
712.0	5.0
712.07	43.82270368910574
712.43	43.82270368910574
712.5	5.0
713.0	5.0
713.07	57.951651221107696
713.43	57.951651221107696
713.5	5.0
714.0	5.0
714.07	55.564350470918846
714.43	55.564350470918846
714.5	5.0
715.0	5.0
715.07	40.632814169349466
715.43	40.632814169349466
715.5	5.0
716.0	5.0
716.07	47.459757536739836
716.43	47.459757536739836
716.5	5.0
717.0	5.0
717.07	59.249008095666014
717.43	59.249008095666014
717.5	5.0
718.0	5.0
718.07	52.60250772061836
718.43	52.60250772061836
718.5	5.0
719.0	5.0
719.07	51.073990218927456
719.43	51.073990218927456
719.5	5.0
720.0	5.0
720.07	65.1370787734713
720.43	65.1370787734713
720.5	5.0
721.0	5.0
721.07	45.37610924865073
721.43	45.37610924865073
721.5	5.0
722.0	5.0
722.07	62.787097735606665
722.43	62.787097735606665
722.5	5.0
723.0	5.0
723.07	43.69855361161758
723.43	43.69855361161758
723.5	5.0
724.0	5.0
724.07	60.55892155582971
724.43	60.55892155582971
724.5	5.0
725.0	5.0
725.07	49.33198069196433
725.43	49.33198069196433
725.5	5.0
726.0	5.0
726.07	51.41482738098091
726.43	51.41482738098091
726.5	5.0
727.0	5.0
727.07	46.83645413261313
727.43	46.83645413261313
727.5	5.0
728.0	5.0
728.07	58.072273220124245
728.43	58.072273220124245
728.5	5.0
729.0	5.0
729.07	67.56914653888073
729.43	67.56914653888073
729.5	5.0
730.0	5.0
730.07	59.79931566902155
730.43	59.79931566902155
730.5	5.0
731.0	5.0
731.07	62.96377560912244
731.43	62.96377560912244
731.5	5.0
732.0	5.0
732.07	45.12780952525661
732.43	45.12780952525661
732.5	5.0
733.0	5.0
733.07	62.119660999729994
733.43	62.119660999729994
733.5	5.0
734.0	5.0
734.07	45.46056195025526
734.43	45.46056195025526
734.5	5.0
735.0	5.0
735.07	61.98117336939402
735.43	61.98117336939402
735.5	5.0
736.0	5.0
736.07	57.2762468362323
736.43	57.2762468362323
736.5	5.0
737.0	5.0
737.07	43.4515654998873
737.43	43.4515654998873
737.5	5.0
738.0	5.0
738.07	41.69668637102477
738.43	41.69668637102477
738.5	5.0
739.0	5.0
739.07	56.88101276517575
739.43	56.88101276517575
739.5	5.0
740.0	5.0
740.07	58.157422399797426
740.43	58.157422399797426
740.5	5.0
741.0	5.0
741.07	43.54674702306802
741.43	43.54674702306802
741.5	5.0
742.0	5.0
742.07	63.21849110386908
742.43	63.21849110386908
742.5	5.0
743.0	5.0
743.07	55.129100291644825
743.43	55.129100291644825
743.5	5.0
744.0	5.0
744.07	50.052639672641135
744.43	50.052639672641135
744.5	5.0
745.0	5.0
745.07	62.67205584578759
745.43	62.67205584578759
745.5	5.0
746.0	5.0
746.07	65.59788186977258
746.43	65.59788186977258
746.5	5.0
747.0	5.0
747.07	62.49200745382514
747.43	62.49200745382514
747.5	5.0
748.0	5.0
748.07	43.93312367407112
748.43	43.93312367407112
748.5	5.0
749.0	5.0
749.07	43.754052531911704
749.43	43.754052531911704
749.5	5.0
750.0	5.0
750.07	60.987844535343065
750.43	60.987844535343065
750.5	5.0
751.0	5.0
751.07	47.18677192622847
751.43	47.18677192622847
751.5	5.0
752.0	5.0
752.07	60.17198860299392
752.43	60.17198860299392
752.5	5.0
753.0	5.0
753.07	63.05342640665065
753.43	63.05342640665065
753.5	5.0
754.0	5.0
754.07	67.09607074360675
754.43	67.09607074360675
754.5	5.0
755.0	5.0
755.07	40.82131355372326
755.43	40.82131355372326
755.5	5.0
756.0	5.0
756.07	68.12587757382327
756.43	68.12587757382327
756.5	5.0
757.0	5.0
757.07	65.13178278741358
757.43	65.13178278741358
757.5	5.0
758.0	5.0
758.07	41.61175467520833
758.43	41.61175467520833
758.5	5.0
759.0	5.0
759.07	60.26211025610042
759.43	60.26211025610042
759.5	5.0
760.0	5.0
760.07	43.11602269394373
760.43	43.11602269394373
760.5	5.0
761.0	5.0
761.07	43.3041587092465
761.43	43.3041587092465
761.5	5.0
762.0	5.0
762.07	68.72094446786477
762.43	68.72094446786477
762.5	5.0
763.0	5.0
763.07	68.73907408652863
763.43	68.73907408652863
763.5	5.0
764.0	5.0
764.07	56.04264839389205
764.43	56.04264839389205
764.5	5.0
765.0	5.0
765.07	59.06008496626136
765.43	59.06008496626136
765.5	5.0
766.0	5.0
766.07	49.810435313371286
766.43	49.810435313371286
766.5	5.0
767.0	5.0
767.07	63.51067972801801
767.43	63.51067972801801
767.5	5.0
768.0	5.0
768.07	41.17412665666875
768.43	41.17412665666875
768.5	5.0
769.0	5.0
769.07	56.57565665945353
769.43	56.57565665945353
769.5	5.0
770.0	5.0
770.07	65.78463251053599
770.43	65.78463251053599
770.5	5.0
771.0	5.0
771.07	59.57294047184148
771.43	59.57294047184148
771.5	5.0
772.0	5.0
772.07	42.426919980830704
772.43	42.426919980830704
772.5	5.0
773.0	5.0
773.07	51.60512291508185
773.43	51.60512291508185
773.5	5.0
774.0	5.0
774.07	59.99117406935338
774.43	59.99117406935338
774.5	5.0
775.0	5.0
775.07	57.184374274243794
775.43	57.184374274243794
775.5	5.0
776.0	5.0
776.07	48.334824020852494
776.43	48.334824020852494
776.5	5.0
777.0	5.0
777.07	42.30663683943098
777.43	42.30663683943098
777.5	5.0
778.0	5.0
778.07	41.20898760676212
778.43	41.20898760676212
778.5	5.0
779.0	5.0
779.07	46.853044188059854
779.43	46.853044188059854
779.5	5.0
780.0	5.0
780.07	48.76839135044621
780.43	48.76839135044621
780.5	5.0
781.0	5.0
781.07	61.9276217795354
781.43	61.9276217795354
781.5	5.0
782.0	5.0
782.07	44.106915028861245
782.43	44.106915028861245
782.5	5.0
783.0	5.0
783.07	45.916148842710356
783.43	45.916148842710356
783.5	5.0
784.0	5.0
784.07	46.35773193060227
784.43	46.35773193060227
784.5	5.0
785.0	5.0
785.07	51.839211531953715
785.43	51.839211531953715
785.5	5.0
786.0	5.0
786.07	54.47925049620726
786.43	54.47925049620726
786.5	5.0
787.0	5.0
787.07	54.44044196552274
787.43	54.44044196552274
787.5	5.0
788.0	5.0
788.07	66.74410226213394
788.43	66.74410226213394
788.5	5.0
789.0	5.0
789.07	40.92184406102344
789.43	40.92184406102344
789.5	5.0
790.0	5.0
790.07	47.38196436101918
790.43	47.38196436101918
790.5	5.0
791.0	5.0
791.07	51.45973716857145
791.43	51.45973716857145
791.5	5.0
792.0	5.0
792.07	51.034712268203435
792.43	51.034712268203435
792.5	5.0
793.0	5.0
793.07	61.15389820307974
793.43	61.15389820307974
793.5	5.0
794.0	5.0
794.07	46.80540690940163
794.43	46.80540690940163
794.5	5.0
795.0	5.0
795.07	44.94545109277128
795.43	44.94545109277128
795.5	5.0
796.0	5.0
796.07	62.844490691070725
796.43	62.844490691070725
796.5	5.0
797.0	5.0
797.07	43.78282590099915
797.43	43.78282590099915
797.5	5.0
798.0	5.0
798.07	52.1126048833696
798.43	52.1126048833696
798.5	5.0
799.0	5.0
799.07	49.14202401431772
799.43	49.14202401431772
799.5	5.0
800.0	5.0
800.07	55.419746167848146
800.43	55.419746167848146
800.5	5.0
801.0	5.0
801.07	45.56793201651387
801.43	45.56793201651387
801.5	5.0
802.0	5.0
802.07	61.70907413839923
802.43	61.70907413839923
802.5	5.0
803.0	5.0
803.07	62.25858784851684
803.43	62.25858784851684
803.5	5.0
804.0	5.0
804.07	62.69210733327401
804.43	62.69210733327401
804.5	5.0
805.0	5.0
805.07	41.92405929842491
805.43	41.92405929842491
805.5	5.0
806.0	5.0
806.07	68.13943369432727
806.43	68.13943369432727
806.5	5.0
807.0	5.0
807.07	42.24316914829241
807.43	42.24316914829241
807.5	5.0
808.0	5.0
808.07	47.89215443173537
808.43	47.89215443173537
808.5	5.0
809.0	5.0
809.07	48.69752987907064
809.43	48.69752987907064
809.5	5.0
810.0	5.0
810.07	58.96523200823093
810.43	58.96523200823093
810.5	5.0
811.0	5.0
811.07	40.54733050385788
811.43	40.54733050385788
811.5	5.0
812.0	5.0
812.07	60.14331535211359
812.43	60.14331535211359
812.5	5.0
813.0	5.0
813.07	47.046797401817685
813.43	47.046797401817685
813.5	5.0
814.0	5.0
814.07	67.41170415648804
814.43	67.41170415648804
814.5	5.0
815.0	5.0
815.07	45.60442004482216
815.43	45.60442004482216
815.5	5.0
816.0	5.0
816.07	40.03080391216609
816.43	40.03080391216609
816.5	5.0
817.0	5.0
817.07	68.41830053859411
817.43	68.41830053859411
817.5	5.0
818.0	5.0
818.07	60.52142264481411
818.43	60.52142264481411
818.5	5.0
819.0	5.0
819.07	40.225342271227305
819.43	40.225342271227305
819.5	5.0
820.0	5.0
820.07	42.388273862787
820.43	42.388273862787
820.5	5.0
821.0	5.0
821.07	59.752809548392136
821.43	59.752809548392136
821.5	5.0
822.0	5.0
822.07	50.19094041360678
822.43	50.19094041360678
822.5	5.0
823.0	5.0
823.07	49.10273562729685
823.43	49.10273562729685
823.5	5.0
824.0	5.0
824.07	41.906864479297724
824.43	41.906864479297724
824.5	5.0
825.0	5.0
825.07	50.417820931417424
825.43	50.417820931417424
825.5	5.0
826.0	5.0
826.07	69.99628757607333
826.43	69.99628757607333
826.5	5.0
827.0	5.0
827.07	60.56858678513344
827.43	60.56858678513344
827.5	5.0
828.0	5.0
828.07	63.47502482554711
828.43	63.47502482554711
828.5	5.0
829.0	5.0
829.07	64.94439646709738
829.43	64.94439646709738
829.5	5.0
830.0	5.0
830.07	63.42581993673049
830.43	63.42581993673049
830.5	5.0
831.0	5.0
831.07	69.67122527782362
831.43	69.67122527782362
831.5	5.0
832.0	5.0
832.07	67.39002021655733
832.43	67.39002021655733
832.5	5.0
833.0	5.0
833.07	43.83980606759749
833.43	43.83980606759749
833.5	5.0
834.0	5.0
834.07	66.7060219376196
834.43	66.7060219376196
834.5	5.0
835.0	5.0
835.07	52.14683091153387
835.43	52.14683091153387
835.5	5.0
836.0	5.0
836.07	45.92449205547501
836.43	45.92449205547501
836.5	5.0
837.0	5.0
837.07	50.80209801778275
837.43	50.80209801778275
837.5	5.0
838.0	5.0
838.07	56.30988679893626
838.43	56.30988679893626
838.5	5.0
839.0	5.0
839.07	60.178863828053004
839.43	60.178863828053004
839.5	5.0
840.0	5.0
840.07	67.52703195654098
840.43	67.52703195654098
840.5	5.0
841.0	5.0
841.07	40.83929088940017
841.43	40.83929088940017
841.5	5.0
842.0	5.0
842.07	46.93432255492441
842.43	46.93432255492441
842.5	5.0
843.0	5.0
843.07	44.47322374123959
843.43	44.47322374123959
843.5	5.0
844.0	5.0
844.07	54.41014175845489
844.43	54.41014175845489
844.5	5.0
845.0	5.0
845.07	54.317027473066474
845.43	54.317027473066474
845.5	5.0
846.0	5.0
846.07	65.06150666846924
846.43	65.06150666846924
846.5	5.0
847.0	5.0
847.07	58.3580027277447
847.43	58.3580027277447
847.5	5.0
848.0	5.0
848.07	55.07477633035815
848.43	55.07477633035815
848.5	5.0
849.0	5.0
849.07	53.898322651460134
849.43	53.898322651460134
849.5	5.0
850.0	5.0
850.07	53.8210112349841
850.43	53.8210112349841
850.5	5.0
851.0	5.0
851.07	66.36414351591615
851.43	66.36414351591615
851.5	5.0
852.0	5.0
852.07	68.71446407170723
852.43	68.71446407170723
852.5	5.0
853.0	5.0
853.07	67.3844180522645
853.43	67.3844180522645
853.5	5.0
854.0	5.0
854.07	55.59384581657295
854.43	55.59384581657295
854.5	5.0
855.0	5.0
855.07	48.24342330735594
855.43	48.24342330735594
855.5	5.0
856.0	5.0
856.07	68.9255615095779
856.43	68.9255615095779
856.5	5.0
857.0	5.0
857.07	56.605020272947804
857.43	56.605020272947804
857.5	5.0
858.0	5.0
858.07	55.74539739917915
858.43	55.74539739917915
858.5	5.0
859.0	5.0
859.07	62.244580477377994
859.43	62.244580477377994
859.5	5.0
860.0	5.0
860.07	40.61216245573026
860.43	40.61216245573026
860.5	5.0
861.0	5.0
861.07	43.05767031919781
861.43	43.05767031919781
861.5	5.0
862.0	5.0
862.07	63.65432421449673
862.43	63.65432421449673
862.5	5.0
863.0	5.0
863.07	44.766490219852535
863.43	44.766490219852535
863.5	5.0
864.0	5.0
864.07	68.78120096244857
864.43	68.78120096244857
864.5	5.0
865.0	5.0
865.07	41.614348185713766
865.43	41.614348185713766
865.5	5.0
866.0	5.0
866.07	48.214098018626956
866.43	48.214098018626956
866.5	5.0
867.0	5.0
867.07	53.45991892989046
867.43	53.45991892989046
867.5	5.0
868.0	5.0
868.07	60.94315552519568
868.43	60.94315552519568
868.5	5.0
869.0	5.0
869.07	64.56913315266623
869.43	64.56913315266623
869.5	5.0
870.0	5.0
870.07	63.08915178795847
870.43	63.08915178795847
870.5	5.0
871.0	5.0
871.07	69.95584227787319
871.43	69.95584227787319
871.5	5.0
872.0	5.0
872.07	43.92140075352672
872.43	43.92140075352672
872.5	5.0
873.0	5.0
873.07	58.383558173803905
873.43	58.383558173803905
873.5	5.0
874.0	5.0
874.07	47.45050983195224
874.43	47.45050983195224
874.5	5.0
875.0	5.0
875.07	67.50025168516376
875.43	67.50025168516376
875.5	5.0
876.0	5.0
876.07	66.35733336743769
876.43	66.35733336743769
876.5	5.0
877.0	5.0
877.07	53.127491402150895
877.43	53.127491402150895
877.5	5.0
878.0	5.0
878.07	45.22602755027716
878.43	45.22602755027716
878.5	5.0
879.0	5.0
879.07	60.43593917358188
879.43	60.43593917358188
879.5	5.0
880.0	5.0
880.07	66.42252598582695
880.43	66.42252598582695
880.5	5.0
881.0	5.0
881.07	45.800699466562364
881.43	45.800699466562364
881.5	5.0
882.0	5.0
882.07	50.012288910971456
882.43	50.012288910971456
882.5	5.0
883.0	5.0
883.07	51.974972411146766
883.43	51.974972411146766
883.5	5.0
884.0	5.0
884.07	57.6660416755368
884.43	57.6660416755368
884.5	5.0
885.0	5.0
885.07	47.643226621553204
885.43	47.643226621553204
885.5	5.0
886.0	5.0
886.07	54.97843302467129
886.43	54.97843302467129
886.5	5.0
887.0	5.0
887.07	45.640833810675545
887.43	45.640833810675545
887.5	5.0
888.0	5.0
888.07	52.77523187970111
888.43	52.77523187970111
888.5	5.0
889.0	5.0
889.07	52.52317716377951
889.43	52.52317716377951
889.5	5.0
890.0	5.0
890.07	63.831251484946506
890.43	63.831251484946506
890.5	5.0
891.0	5.0
891.07	42.89994962083604
891.43	42.89994962083604
891.5	5.0
892.0	5.0
892.07	48.87069653934813
892.43	48.87069653934813
892.5	5.0
893.0	5.0
893.07	44.878150068003876
893.43	44.878150068003876
893.5	5.0
894.0	5.0
894.07	67.98258825012181
894.43	67.98258825012181
894.5	5.0
895.0	5.0
895.07	41.79760812425785
895.43	41.79760812425785
895.5	5.0
896.0	5.0
896.07	42.00993740299968
896.43	42.00993740299968
896.5	5.0
897.0	5.0
897.07	56.691157619780185
897.43	56.691157619780185
897.5	5.0
898.0	5.0
898.07	48.68574048139473
898.43	48.68574048139473
898.5	5.0
899.0	5.0
899.07	53.15517612748178
899.43	53.15517612748178
899.5	5.0
900.0	5.0
900.07	65.00011603711094
900.43	65.00011603711094
900.5	5.0
901.0	5.0
901.07	60.97652118638675
901.43	60.97652118638675
901.5	5.0
902.0	5.0
902.07	60.17827763216762
902.43	60.17827763216762
902.5	5.0
903.0	5.0
903.07	47.374286510243884
903.43	47.374286510243884
903.5	5.0
904.0	5.0
904.07	53.93516631387036
904.43	53.93516631387036
904.5	5.0
905.0	5.0
905.07	49.29332024686791
905.43	49.29332024686791
905.5	5.0
906.0	5.0
906.07	43.20627908656179
906.43	43.20627908656179
906.5	5.0
907.0	5.0
907.07	47.81517893667229
907.43	47.81517893667229
907.5	5.0
908.0	5.0
908.07	53.593339293973344
908.43	53.593339293973344
908.5	5.0
909.0	5.0
909.07	57.1773534007861
909.43	57.1773534007861
909.5	5.0
910.0	5.0
910.07	40.67405209659667
910.43	40.67405209659667
910.5	5.0
911.0	5.0
911.07	56.51656456951571
911.43	56.51656456951571
911.5	5.0
912.0	5.0
912.07	43.85252455296313
912.43	43.85252455296313
912.5	5.0
913.0	5.0
913.07	61.979540504016235
913.43	61.979540504016235
913.5	5.0
914.0	5.0
914.07	62.7924584371275
914.43	62.7924584371275
914.5	5.0
915.0	5.0
915.07	63.133520903965305
915.43	63.133520903965305
915.5	5.0
916.0	5.0
916.07	41.687073598971125
916.43	41.687073598971125
916.5	5.0
917.0	5.0
917.07	53.77425116374579
917.43	53.77425116374579
917.5	5.0
918.0	5.0
918.07	66.86603247367711
918.43	66.86603247367711
918.5	5.0
919.0	5.0
919.07	44.69027836892897
919.43	44.69027836892897
919.5	5.0
920.0	5.0
920.07	46.86590924531465
920.43	46.86590924531465
920.5	5.0
921.0	5.0
921.07	51.960109335560944
921.43	51.960109335560944
921.5	5.0
922.0	5.0
922.07	53.13176253197713
922.43	53.13176253197713
922.5	5.0
923.0	5.0
923.07	64.8965333072325
923.43	64.8965333072325
923.5	5.0
924.0	5.0
924.07	51.91279294783129
924.43	51.91279294783129
924.5	5.0
925.0	5.0
925.07	60.27406360722226
925.43	60.27406360722226
925.5	5.0
926.0	5.0
926.07	67.63779618088151
926.43	67.63779618088151
926.5	5.0
927.0	5.0
927.07	62.7756104641145
927.43	62.7756104641145
927.5	5.0
928.0	5.0
928.07	66.60766066717619
928.43	66.60766066717619
928.5	5.0
929.0	5.0
929.07	52.87523115817598
929.43	52.87523115817598
929.5	5.0
930.0	5.0
930.07	66.48710962153909
930.43	66.48710962153909
930.5	5.0
931.0	5.0
931.07	63.815746772673066
931.43	63.815746772673066
931.5	5.0
932.0	5.0
932.07	59.91673329664464
932.43	59.91673329664464
932.5	5.0
933.0	5.0
933.07	41.176520111337496
933.43	41.176520111337496
933.5	5.0
934.0	5.0
934.07	42.96842939481526
934.43	42.96842939481526
934.5	5.0
935.0	5.0
935.07	55.738621613842255
935.43	55.738621613842255
935.5	5.0
936.0	5.0
936.07	69.3996434457514
936.43	69.3996434457514
936.5	5.0
937.0	5.0
937.07	46.1377792564542
937.43	46.1377792564542
937.5	5.0
938.0	5.0
938.07	52.34931142272233
938.43	52.34931142272233
938.5	5.0
939.0	5.0
939.07	43.26740363848083
939.43	43.26740363848083
939.5	5.0
940.0	5.0
940.07	54.932670499113506
940.43	54.932670499113506
940.5	5.0
941.0	5.0
941.07	52.917696607462915
941.43	52.917696607462915
941.5	5.0
942.0	5.0
942.07	59.88346299154625
942.43	59.88346299154625
942.5	5.0
943.0	5.0
943.07	66.08034023444516
943.43	66.08034023444516
943.5	5.0
944.0	5.0
944.07	53.7045574045691
944.43	53.7045574045691
944.5	5.0
945.0	5.0
945.07	43.171441339617495
945.43	43.171441339617495
945.5	5.0
946.0	5.0
946.07	52.89238846494351
946.43	52.89238846494351
946.5	5.0
947.0	5.0
947.07	43.79311021951069
947.43	43.79311021951069
947.5	5.0
948.0	5.0
948.07	59.425340699319
948.43	59.425340699319
948.5	5.0
949.0	5.0
949.07	63.8095561569055
949.43	63.8095561569055
949.5	5.0
950.0	5.0
950.07	55.86630305894956
950.43	55.86630305894956
950.5	5.0
951.0	5.0
951.07	46.13759746258199
951.43	46.13759746258199
951.5	5.0
952.0	5.0
952.07	64.0158145155525
952.43	64.0158145155525
952.5	5.0
953.0	5.0
953.07	61.77114844696713
953.43	61.77114844696713
953.5	5.0
954.0	5.0
954.07	62.205200297351055
954.43	62.205200297351055
954.5	5.0
955.0	5.0
955.07	40.38853915039495
955.43	40.38853915039495
955.5	5.0
956.0	5.0
956.07	48.38100804128563
956.43	48.38100804128563
956.5	5.0
957.0	5.0
957.07	52.41216016287501
957.43	52.41216016287501
957.5	5.0
958.0	5.0
958.07	63.90268099483273
958.43	63.90268099483273
958.5	5.0
959.0	5.0
959.07	46.30190024459615
959.43	46.30190024459615
959.5	5.0
960.0	5.0
960.07	46.793808233780766
960.43	46.793808233780766
960.5	5.0
961.0	5.0
961.07	60.60256189468189
961.43	60.60256189468189
961.5	5.0
962.0	5.0
962.07	53.54640714065307
962.43	53.54640714065307
962.5	5.0
963.0	5.0
963.07	51.39551942465009
963.43	51.39551942465009
963.5	5.0
964.0	5.0
964.07	67.69142920489688
964.43	67.69142920489688
964.5	5.0
965.0	5.0
965.07	61.789403429314746
965.43	61.789403429314746
965.5	5.0
966.0	5.0
966.07	68.1906193542919
966.43	68.1906193542919
966.5	5.0
967.0	5.0
967.07	64.35055703359224
967.43	64.35055703359224
967.5	5.0
968.0	5.0
968.07	55.5237187529663
968.43	55.5237187529663
968.5	5.0
969.0	5.0
969.07	55.66062594510793
969.43	55.66062594510793
969.5	5.0
970.0	5.0
970.07	45.97703725380562
970.43	45.97703725380562
970.5	5.0
971.0	5.0
971.07	57.4963099689444
971.43	57.4963099689444
971.5	5.0
972.0	5.0
972.07	47.107479640887945
972.43	47.107479640887945
972.5	5.0
973.0	5.0
973.07	49.45599485395767
973.43	49.45599485395767
973.5	5.0
974.0	5.0
974.07	51.08083265654845
974.43	51.08083265654845
974.5	5.0
975.0	5.0
975.07	42.73300630621524
975.43	42.73300630621524
975.5	5.0
976.0	5.0
976.07	46.82554780248439
976.43	46.82554780248439
976.5	5.0
977.0	5.0
977.07	48.635143555590325
977.43	48.635143555590325
977.5	5.0
978.0	5.0
978.07	59.01067918643395
978.43	59.01067918643395
978.5	5.0
979.0	5.0
979.07	63.90968096662307
979.43	63.90968096662307
979.5	5.0
980.0	5.0
980.07	51.65418308669586
980.43	51.65418308669586
980.5	5.0
981.0	5.0
981.07	47.236626978736815
981.43	47.236626978736815
981.5	5.0
982.0	5.0
982.07	40.77772446398498
982.43	40.77772446398498
982.5	5.0
983.0	5.0
983.07	43.97504382958753
983.43	43.97504382958753
983.5	5.0
984.0	5.0
984.07	49.640991223428536
984.43	49.640991223428536
984.5	5.0
985.0	5.0
985.07	41.89445936558695
985.43	41.89445936558695
985.5	5.0
986.0	5.0
986.07	51.63249563375264
986.43	51.63249563375264
986.5	5.0
987.0	5.0
987.07	64.59745112387778
987.43	64.59745112387778
987.5	5.0
988.0	5.0
988.07	69.65112942419478
988.43	69.65112942419478
988.5	5.0
989.0	5.0
989.07	59.911165135626746
989.43	59.911165135626746
989.5	5.0
990.0	5.0
990.07	64.26361628175148
990.43	64.26361628175148
990.5	5.0
991.0	5.0
991.07	58.274135445820406
991.43	58.274135445820406
991.5	5.0
992.0	5.0
992.07	49.183416143715064
992.43	49.183416143715064
992.5	5.0
993.0	5.0
993.07	67.26088930480935
993.43	67.26088930480935
993.5	5.0
994.0	5.0
994.07	69.75884235571313
994.43	69.75884235571313
994.5	5.0
995.0	5.0
995.07	56.29788406215917
995.43	56.29788406215917
995.5	5.0
996.0	5.0
996.07	65.82525104459265
996.43	65.82525104459265
996.5	5.0
997.0	5.0
997.07	54.21599508272605
997.43	54.21599508272605
997.5	5.0
998.0	5.0
998.07	46.34501574656159
998.43	46.34501574656159
998.5	5.0
999.0	5.0
999.07	50.31585181370668
999.43	50.31585181370668
999.5	5.0
1000.0	5.0
1000.07	44.92769904477808
1000.43	44.92769904477808
1000.5	5.0
1001.0	5.0
1001.07	54.84189273283566
1001.43	54.84189273283566
1001.5	5.0
1002.0	5.0
1002.07	54.96496879973163
1002.43	54.96496879973163
1002.5	5.0
1003.0	5.0
1003.07	64.6541117382956
1003.43	64.6541117382956
1003.5	5.0
1004.0	5.0
1004.07	53.0694544525252
1004.43	53.0694544525252
1004.5	5.0
1005.0	5.0
1005.07	67.14958677466917
1005.43	67.14958677466917
1005.5	5.0
1006.0	5.0
1006.07	41.78267907881778
1006.43	41.78267907881778
1006.5	5.0
1007.0	5.0
1007.07	56.750283317703634
1007.43	56.750283317703634
1007.5	5.0
1008.0	5.0
1008.07	46.41047342720512
1008.43	46.41047342720512
1008.5	5.0
1009.0	5.0
1009.07	54.796257056448376
1009.43	54.796257056448376
1009.5	5.0
1010.0	5.0
1010.07	42.56130154575988
1010.43	42.56130154575988
1010.5	5.0
1011.0	5.0
1011.07	55.22089700054104
1011.43	55.22089700054104
1011.5	5.0
1012.0	5.0
1012.07	46.84755792012553
1012.43	46.84755792012553
1012.5	5.0
1013.0	5.0
1013.07	59.4653732428836
1013.43	59.4653732428836
1013.5	5.0
1014.0	5.0
1014.07	49.889100004540225
1014.43	49.889100004540225
1014.5	5.0
1015.0	5.0
1015.07	52.24127064675065
1015.43	52.24127064675065
1015.5	5.0
1016.0	5.0
1016.07	55.90197200337567
1016.43	55.90197200337567
1016.5	5.0
1017.0	5.0
1017.07	57.40498990229834
1017.43	57.40498990229834
1017.5	5.0
1018.0	5.0
1018.07	65.47334559887997
1018.43	65.47334559887997
1018.5	5.0
1019.0	5.0
1019.07	54.879568077095215
1019.43	54.879568077095215
1019.5	5.0
1020.0	5.0
1020.07	65.16809771419767
1020.43	65.16809771419767
1020.5	5.0
1021.0	5.0
1021.07	42.96981258950971
1021.43	42.96981258950971
1021.5	5.0
1022.0	5.0
1022.07	65.9079949488682
1022.43	65.9079949488682
1022.5	5.0
1023.0	5.0
1023.07	48.30412498793006
1023.43	48.30412498793006
1023.5	5.0
1024.0	5.0
1024.07	58.08497657228517
1024.43	58.08497657228517
1024.5	5.0
1025.0	5.0
1025.07	59.174063198458256
1025.43	59.174063198458256
1025.5	5.0
1026.0	5.0
1026.07	40.467020540198014
1026.43	40.467020540198014
1026.5	5.0
1027.0	5.0
1027.07	66.30319577469459
1027.43	66.30319577469459
1027.5	5.0
1028.0	5.0
1028.07	67.51213033297115
1028.43	67.51213033297115
1028.5	5.0
1029.0	5.0
1029.07	56.55196913204111
1029.43	56.55196913204111
1029.5	5.0
1030.0	5.0
1030.07	57.41561421465194
1030.43	57.41561421465194
1030.5	5.0
1031.0	5.0
1031.07	52.99578002783184
1031.43	52.99578002783184
1031.5	5.0
1032.0	5.0
1032.07	43.911315496234586
1032.43	43.911315496234586
1032.5	5.0
1033.0	5.0
1033.07	55.83612512097338
1033.43	55.83612512097338
1033.5	5.0
1034.0	5.0
1034.07	57.37987913736388
1034.43	57.37987913736388
1034.5	5.0
1035.0	5.0
1035.07	51.78183274987279
1035.43	51.78183274987279
1035.5	5.0
1036.0	5.0
1036.07	61.67492917075817
1036.43	61.67492917075817
1036.5	5.0
1037.0	5.0
1037.07	66.70673203089397
1037.43	66.70673203089397
1037.5	5.0
1038.0	5.0
1038.07	59.5294874314404
1038.43	59.5294874314404
1038.5	5.0
1039.0	5.0
1039.07	69.31103147098214
1039.43	69.31103147098214
1039.5	5.0
1040.0	5.0
1040.07	47.18328803103255
1040.43	47.18328803103255
1040.5	5.0
1041.0	5.0
1041.07	41.70192176267062
1041.43	41.70192176267062
1041.5	5.0
1042.0	5.0
1042.07	51.01402287483647
1042.43	51.01402287483647
1042.5	5.0
1043.0	5.0
1043.07	49.54540795928071
1043.43	49.54540795928071
1043.5	5.0
1044.0	5.0
1044.07	67.20392990337008
1044.43	67.20392990337008
1044.5	5.0
1045.0	5.0
1045.07	45.092431882431995
1045.43	45.092431882431995
1045.5	5.0
1046.0	5.0
1046.07	65.8951960267031
1046.43	65.8951960267031
1046.5	5.0
1047.0	5.0
1047.07	60.45822343494267
1047.43	60.45822343494267
1047.5	5.0
1048.0	5.0
1048.07	51.14544878516871
1048.43	51.14544878516871
1048.5	5.0
1049.0	5.0
1049.07	58.13116636016507
1049.43	58.13116636016507
1049.5	5.0
1050.0	5.0
1050.07	48.96478029938005
1050.43	48.96478029938005
1050.5	5.0
1051.0	5.0
1051.07	63.54449325968967
1051.43	63.54449325968967
1051.5	5.0
1052.0	5.0
1052.07	66.10796321722574
1052.43	66.10796321722574
1052.5	5.0
1053.0	5.0
1053.07	59.793194170760174
1053.43	59.793194170760174
1053.5	5.0
1054.0	5.0
1054.07	52.780547235963574
1054.43	52.780547235963574
1054.5	5.0
1055.0	5.0
1055.07	58.90318168138264
1055.43	58.90318168138264
1055.5	5.0
1056.0	5.0
1056.07	58.95823486605039
1056.43	58.95823486605039
1056.5	5.0
1057.0	5.0
1057.07	61.61639449594708
1057.43	61.61639449594708
1057.5	5.0
1058.0	5.0
1058.07	49.15689478313095
1058.43	49.15689478313095
1058.5	5.0
1059.0	5.0
1059.07	47.390878935973426
1059.43	47.390878935973426
1059.5	5.0
1060.0	5.0
1060.07	65.57202131297626
1060.43	65.57202131297626
1060.5	5.0
1061.0	5.0
1061.07	67.8190420725677
1061.43	67.8190420725677
1061.5	5.0
1062.0	5.0
1062.07	58.529164176114996
1062.43	58.529164176114996
1062.5	5.0
1063.0	5.0
1063.07	49.96869273513854
1063.43	49.96869273513854
1063.5	5.0
1064.0	5.0
1064.07	65.93370001138867
1064.43	65.93370001138867
1064.5	5.0
1065.0	5.0
1065.07	61.94015540973244
1065.43	61.94015540973244
1065.5	5.0
1066.0	5.0
1066.07	48.22745081045082
1066.43	48.22745081045082
1066.5	5.0
1067.0	5.0
1067.07	54.75360929404772
1067.43	54.75360929404772
1067.5	5.0
1068.0	5.0
1068.07	58.46211576286096
1068.43	58.46211576286096
1068.5	5.0
1069.0	5.0
1069.07	43.66424393029499
1069.43	43.66424393029499
1069.5	5.0
1070.0	5.0
1070.07	57.8852096694626
1070.43	57.8852096694626
1070.5	5.0
1071.0	5.0
1071.07	65.88134067758025
1071.43	65.88134067758025
1071.5	5.0
1072.0	5.0
1072.07	67.18315381386773
1072.43	67.18315381386773
1072.5	5.0
1073.0	5.0
1073.07	47.28747048405156
1073.43	47.28747048405156
1073.5	5.0
1074.0	5.0
1074.07	53.64116930100504
1074.43	53.64116930100504
1074.5	5.0
1075.0	5.0
1075.07	47.73778867873738
1075.43	47.73778867873738
1075.5	5.0
1076.0	5.0
1076.07	47.91013656635506
1076.43	47.91013656635506
1076.5	5.0
1077.0	5.0
1077.07	51.18300920785647
1077.43	51.18300920785647
1077.5	5.0
1078.0	5.0
1078.07	61.75641060784221
1078.43	61.75641060784221
1078.5	5.0
1079.0	5.0
1079.07	64.29323836682158
1079.43	64.29323836682158
1079.5	5.0
1080.0	5.0
1080.07	60.546594255159974
1080.43	60.546594255159974
1080.5	5.0
1081.0	5.0
1081.07	54.1334440652602
1081.43	54.1334440652602
1081.5	5.0
1082.0	5.0
1082.07	56.39547359791656
1082.43	56.39547359791656
1082.5	5.0
1083.0	5.0
1083.07	43.401108496028584
1083.43	43.401108496028584
1083.5	5.0
1084.0	5.0
1084.07	44.83136765676022
1084.43	44.83136765676022
1084.5	5.0
1085.0	5.0
1085.07	64.5832214824652
1085.43	64.5832214824652
1085.5	5.0
1086.0	5.0
1086.07	53.193739303279884
1086.43	53.193739303279884
1086.5	5.0
1087.0	5.0
1087.07	41.03576815747612
1087.43	41.03576815747612
1087.5	5.0
1088.0	5.0
1088.07	46.655180460269264
1088.43	46.655180460269264
1088.5	5.0
1089.0	5.0
1089.07	40.340264222686
1089.43	40.340264222686
1089.5	5.0
1090.0	5.0
1090.07	48.236997330803334
1090.43	48.236997330803334
1090.5	5.0
1091.0	5.0
1091.07	63.84916912169143
1091.43	63.84916912169143
1091.5	5.0
1092.0	5.0
1092.07	60.80931258497782
1092.43	60.80931258497782
1092.5	5.0
1093.0	5.0
1093.07	45.056602621539696
1093.43	45.056602621539696
1093.5	5.0
1094.0	5.0
1094.07	66.29654185777125
1094.43	66.29654185777125
1094.5	5.0
1095.0	5.0
1095.07	52.868573824338036
1095.43	52.868573824338036
1095.5	5.0
1096.0	5.0
1096.07	67.0599351716769
1096.43	67.0599351716769
1096.5	5.0
1097.0	5.0
1097.07	69.76938057645685
1097.43	69.76938057645685
1097.5	5.0
1098.0	5.0
1098.07	49.36303334326259
1098.43	49.36303334326259
1098.5	5.0
1099.0	5.0
1099.07	64.30827199818144
1099.43	64.30827199818144
1099.5	5.0
1100.0	5.0
1100.07	68.18275493345439
1100.43	68.18275493345439
1100.5	5.0
1101.0	5.0
1101.07	44.80458715874497
1101.43	44.80458715874497
1101.5	5.0
1102.0	5.0
1102.07	59.22601513557663
1102.43	59.22601513557663
1102.5	5.0
1103.0	5.0
1103.07	62.80631461614644
1103.43	62.80631461614644
1103.5	5.0
1104.0	5.0
1104.07	56.53892541908793
1104.43	56.53892541908793
1104.5	5.0
1105.0	5.0
1105.07	55.58569765248775
1105.43	55.58569765248775
1105.5	5.0
1106.0	5.0
1106.07	68.07127514582764
1106.43	68.07127514582764
1106.5	5.0
1107.0	5.0
1107.07	42.56825147556022
1107.43	42.56825147556022
1107.5	5.0
1108.0	5.0
1108.07	59.0973595762636
1108.43	59.0973595762636
1108.5	5.0
1109.0	5.0
1109.07	56.636152132099035
1109.43	56.636152132099035
1109.5	5.0
1110.0	5.0
1110.07	66.04263624540393
1110.43	66.04263624540393
1110.5	5.0
1111.0	5.0
1111.07	59.34502234999083
1111.43	59.34502234999083
1111.5	5.0
1112.0	5.0
1112.07	56.9718626162779
1112.43	56.9718626162779
1112.5	5.0
1113.0	5.0
1113.07	52.25079439436736
1113.43	52.25079439436736
1113.5	5.0
1114.0	5.0
1114.07	47.23884691303208
1114.43	47.23884691303208
1114.5	5.0
1115.0	5.0
1115.07	48.56204802134423
1115.43	48.56204802134423
1115.5	5.0
1116.0	5.0
1116.07	44.821969952808566
1116.43	44.821969952808566
1116.5	5.0
1117.0	5.0
1117.07	48.0620282615787
1117.43	48.0620282615787
1117.5	5.0
1118.0	5.0
1118.07	68.23954185564457
1118.43	68.23954185564457
1118.5	5.0
1119.0	5.0
1119.07	61.95631337206107
1119.43	61.95631337206107
1119.5	5.0
1120.0	5.0
1120.07	58.931249187381546
1120.43	58.931249187381546
1120.5	5.0
1121.0	5.0
1121.07	54.990289401466526
1121.43	54.990289401466526
1121.5	5.0
1122.0	5.0
1122.07	69.57562943749728
1122.43	69.57562943749728
1122.5	5.0
1123.0	5.0
1123.07	41.079227021869926
1123.43	41.079227021869926
1123.5	5.0
1124.0	5.0
1124.07	46.431140354015774
1124.43	46.431140354015774
1124.5	5.0
1125.0	5.0
1125.07	61.02146824168361
1125.43	61.02146824168361
1125.5	5.0
1126.0	5.0
1126.07	56.380987930382915
1126.43	56.380987930382915
1126.5	5.0
1127.0	5.0
1127.07	47.39883234316793
1127.43	47.39883234316793
1127.5	5.0
1128.0	5.0
1128.07	66.75687940317526
1128.43	66.75687940317526
1128.5	5.0
1129.0	5.0
1129.07	57.92138231409463
1129.43	57.92138231409463
1129.5	5.0
1130.0	5.0
1130.07	64.8723165556861
1130.43	64.8723165556861
1130.5	5.0
1131.0	5.0
1131.07	40.77088965743333
1131.43	40.77088965743333
1131.5	5.0
1132.0	5.0
1132.07	68.26700306907864
1132.43	68.26700306907864
1132.5	5.0
1133.0	5.0
1133.07	69.0914735261175
1133.43	69.0914735261175
1133.5	5.0
1134.0	5.0
1134.07	43.05981029465513
1134.43	43.05981029465513
1134.5	5.0
1135.0	5.0
1135.07	64.7671090155423
1135.43	64.7671090155423
1135.5	5.0
1136.0	5.0
1136.07	65.65940439503574
1136.43	65.65940439503574
1136.5	5.0
1137.0	5.0
1137.07	53.66713994295227
1137.43	53.66713994295227
1137.5	5.0
1138.0	5.0
1138.07	54.12574162963117
1138.43	54.12574162963117
1138.5	5.0
1139.0	5.0
1139.07	65.97163138782842
1139.43	65.97163138782842
1139.5	5.0
1140.0	5.0
1140.07	42.786743587232436
1140.43	42.786743587232436
1140.5	5.0
1141.0	5.0
1141.07	51.29488618575095
1141.43	51.29488618575095
1141.5	5.0
1142.0	5.0
1142.07	54.252837469471274
1142.43	54.252837469471274
1142.5	5.0
1143.0	5.0
1143.07	41.73454496340385
1143.43	41.73454496340385
1143.5	5.0
1144.0	5.0
1144.07	45.41276994531036
1144.43	45.41276994531036
1144.5	5.0
1145.0	5.0
1145.07	49.548456716347026
1145.43	49.548456716347026
1145.5	5.0
1146.0	5.0
1146.07	63.84293282305258
1146.43	63.84293282305258
1146.5	5.0
1147.0	5.0
1147.07	47.86803693096608
1147.43	47.86803693096608
1147.5	5.0
1148.0	5.0
1148.07	66.5883764924095
1148.43	66.5883764924095
1148.5	5.0
1149.0	5.0
1149.07	68.42353602723804
1149.43	68.42353602723804
1149.5	5.0
1150.0	5.0
1150.07	52.50070132225598
1150.43	52.50070132225598
1150.5	5.0
1151.0	5.0
1151.07	48.123664806994356
1151.43	48.123664806994356
1151.5	5.0
1152.0	5.0
1152.07	56.45786187366416
1152.43	56.45786187366416
1152.5	5.0
1153.0	5.0
1153.07	59.547190234137105
1153.43	59.547190234137105
1153.5	5.0
1154.0	5.0
1154.07	63.12235940104635
1154.43	63.12235940104635
1154.5	5.0
1155.0	5.0
1155.07	57.12106289384312
1155.43	57.12106289384312
1155.5	5.0
1156.0	5.0
1156.07	61.90787339150998
1156.43	61.90787339150998
1156.5	5.0
1157.0	5.0
1157.07	53.62762561105145
1157.43	53.62762561105145
1157.5	5.0
1158.0	5.0
1158.07	54.58588926434381
1158.43	54.58588926434381
1158.5	5.0
1159.0	5.0
1159.07	68.49147300376322
1159.43	68.49147300376322
1159.5	5.0
1160.0	5.0
1160.07	54.45525958556783
1160.43	54.45525958556783
1160.5	5.0
1161.0	5.0
1161.07	68.52927261839956
1161.43	68.52927261839956
1161.5	5.0
1162.0	5.0
1162.07	43.722642682497685
1162.43	43.722642682497685
1162.5	5.0
1163.0	5.0
1163.07	53.28948041703602
1163.43	53.28948041703602
1163.5	5.0
1164.0	5.0
1164.07	65.44272528512809
1164.43	65.44272528512809
1164.5	5.0
1165.0	5.0
1165.07	57.15968606374855
1165.43	57.15968606374855
1165.5	5.0
1166.0	5.0
1166.07	50.85902145954325
1166.43	50.85902145954325
1166.5	5.0
1167.0	5.0
1167.07	47.98778428440526
1167.43	47.98778428440526
1167.5	5.0
1168.0	5.0
1168.07	47.30289231291667
1168.43	47.30289231291667
1168.5	5.0
1169.0	5.0
1169.07	51.51375166820455
1169.43	51.51375166820455
1169.5	5.0
1170.0	5.0
1170.07	57.75565892844379
1170.43	57.75565892844379
1170.5	5.0
1171.0	5.0
1171.07	45.908287609735886
1171.43	45.908287609735886
1171.5	5.0
1172.0	5.0
1172.07	55.304689943798664
1172.43	55.304689943798664
1172.5	5.0
1173.0	5.0
1173.07	49.47245408949722
1173.43	49.47245408949722
1173.5	5.0
1174.0	5.0
1174.07	60.300972631805266
1174.43	60.300972631805266
1174.5	5.0
1175.0	5.0
1175.07	64.86214090452299
1175.43	64.86214090452299
1175.5	5.0
1176.0	5.0
1176.07	49.55879690328182
1176.43	49.55879690328182
1176.5	5.0
1177.0	5.0
1177.07	46.45920383248422
1177.43	46.45920383248422
1177.5	5.0
1178.0	5.0
1178.07	53.31859021952873
1178.43	53.31859021952873
1178.5	5.0
1179.0	5.0
1179.07	65.6321602812072
1179.43	65.6321602812072
1179.5	5.0
1180.0	5.0
1180.07	44.83886906866735
1180.43	44.83886906866735
1180.5	5.0
1181.0	5.0
1181.07	67.97570823372953
1181.43	67.97570823372953
1181.5	5.0
1182.0	5.0
1182.07	69.05915970607886
1182.43	69.05915970607886
1182.5	5.0
1183.0	5.0
1183.07	45.43392780083172
1183.43	45.43392780083172
1183.5	5.0
1184.0	5.0
1184.07	44.48372357560884
1184.43	44.48372357560884
1184.5	5.0
1185.0	5.0
1185.07	48.098419018470125
1185.43	48.098419018470125
1185.5	5.0
1186.0	5.0
1186.07	66.84005166747362
1186.43	66.84005166747362
1186.5	5.0
1187.0	5.0
1187.07	51.825225852097034
1187.43	51.825225852097034
1187.5	5.0
1188.0	5.0
1188.07	55.8078128788779
1188.43	55.8078128788779
1188.5	5.0
1189.0	5.0
1189.07	42.599119355474556
1189.43	42.599119355474556
1189.5	5.0
1190.0	5.0
1190.07	60.302489310838325
1190.43	60.302489310838325
1190.5	5.0
1191.0	5.0
1191.07	51.54140263214049
1191.43	51.54140263214049
1191.5	5.0
1192.0	5.0
1192.07	48.143924256932216
1192.43	48.143924256932216
1192.5	5.0
1193.0	5.0
1193.07	68.18431117799196
1193.43	68.18431117799196
1193.5	5.0
1194.0	5.0
1194.07	49.03719597912523
1194.43	49.03719597912523
1194.5	5.0
1195.0	5.0
1195.07	54.39007612068455
1195.43	54.39007612068455
1195.5	5.0
1196.0	5.0
1196.07	69.96724818707457
1196.43	69.96724818707457
1196.5	5.0
1197.0	5.0
1197.07	54.41104859637607
1197.43	54.41104859637607
1197.5	5.0
1198.0	5.0
1198.07	60.20541951880737
1198.43	60.20541951880737
1198.5	5.0
1199.0	5.0
1199.07	46.52233490304165
1199.43	46.52233490304165
1199.5	5.0
1200.0	5.0
1200.07	51.193319501750366
1200.43	51.193319501750366
1200.5	5.0
1201.0	5.0
1201.07	57.74865320557829
1201.43	57.74865320557829
1201.5	5.0
1202.0	5.0
1202.07	57.9434110686649
1202.43	57.9434110686649
1202.5	5.0
1203.0	5.0
1203.07	47.650643833464386
1203.43	47.650643833464386
1203.5	5.0
1204.0	5.0
1204.07	45.0124517029107
1204.43	45.0124517029107
1204.5	5.0
1205.0	5.0
1205.07	61.177435133560266
1205.43	61.177435133560266
1205.5	5.0
1206.0	5.0
1206.07	45.426476301939566
1206.43	45.426476301939566
1206.5	5.0
1207.0	5.0
1207.07	53.27007485864551
1207.43	53.27007485864551
1207.5	5.0
1208.0	5.0
1208.07	47.16577079948272
1208.43	47.16577079948272
1208.5	5.0
1209.0	5.0
1209.07	42.54721875446274
1209.43	42.54721875446274
1209.5	5.0
1210.0	5.0
1210.07	69.64744972054552
1210.43	69.64744972054552
1210.5	5.0
1211.0	5.0
1211.07	51.874403753729176
1211.43	51.874403753729176
1211.5	5.0
1212.0	5.0
1212.07	66.51307892161724
1212.43	66.51307892161724
1212.5	5.0
1213.0	5.0
1213.07	48.417475199196225
1213.43	48.417475199196225
1213.5	5.0
1214.0	5.0
1214.07	69.1502150210074
1214.43	69.1502150210074
1214.5	5.0
1215.0	5.0
1215.07	56.99683834025072
1215.43	56.99683834025072
1215.5	5.0
1216.0	5.0
1216.07	46.827726630322964
1216.43	46.827726630322964
1216.5	5.0
1217.0	5.0
1217.07	40.873389169039164
1217.43	40.873389169039164
1217.5	5.0
1218.0	5.0
1218.07	57.3126989330011
1218.43	57.3126989330011
1218.5	5.0
1219.0	5.0
1219.07	47.81861585733621
1219.43	47.81861585733621
1219.5	5.0
1220.0	5.0
1220.07	69.9727310975261
1220.43	69.9727310975261
1220.5	5.0
1221.0	5.0
1221.07	63.803783587116214
1221.43	63.803783587116214
1221.5	5.0
1222.0	5.0
1222.07	60.8234389821364
1222.43	60.8234389821364
1222.5	5.0
1223.0	5.0
1223.07	63.09854036413077
1223.43	63.09854036413077
1223.5	5.0
1224.0	5.0
1224.07	67.28270889042166
1224.43	67.28270889042166
1224.5	5.0
1225.0	5.0
1225.07	64.27494154512867
1225.43	64.27494154512867
1225.5	5.0
1226.0	5.0
1226.07	65.70341237814442
1226.43	65.70341237814442
1226.5	5.0
1227.0	5.0
1227.07	64.27461108416757
1227.43	64.27461108416757
1227.5	5.0
1228.0	5.0
1228.07	47.607367924977915
1228.43	47.607367924977915
1228.5	5.0
1229.0	5.0
1229.07	68.04725901542135
1229.43	68.04725901542135
1229.5	5.0
1230.0	5.0
1230.07	48.88111070342714
1230.43	48.88111070342714
1230.5	5.0
1231.0	5.0
1231.07	52.90998971871997
1231.43	52.90998971871997
1231.5	5.0
1232.0	5.0
1232.07	58.491379523653876
1232.43	58.491379523653876
1232.5	5.0
1233.0	5.0
1233.07	65.07012091455803
1233.43	65.07012091455803
1233.5	5.0
1234.0	5.0
1234.07	49.649323061703335
1234.43	49.649323061703335
1234.5	5.0
1235.0	5.0
1235.07	50.27279175207823
1235.43	50.27279175207823
1235.5	5.0
1236.0	5.0
1236.07	49.196788129483664
1236.43	49.196788129483664
1236.5	5.0
1237.0	5.0
1237.07	48.20970282169753
1237.43	48.20970282169753
1237.5	5.0
1238.0	5.0
1238.07	42.05604718956432
1238.43	42.05604718956432
1238.5	5.0
1239.0	5.0
1239.07	44.58536864607944
1239.43	44.58536864607944
1239.5	5.0
1240.0	5.0
1240.07	62.65141760088748
1240.43	62.65141760088748
1240.5	5.0
1241.0	5.0
1241.07	60.11900818883808
1241.43	60.11900818883808
1241.5	5.0
1242.0	5.0
1242.07	69.27752488307527
1242.43	69.27752488307527
1242.5	5.0
1243.0	5.0
1243.07	65.6266967398886
1243.43	65.6266967398886
1243.5	5.0
1244.0	5.0
1244.07	55.11570075866866
1244.43	55.11570075866866
1244.5	5.0
1245.0	5.0
1245.07	55.49446628603431
1245.43	55.49446628603431
1245.5	5.0
1246.0	5.0
1246.07	44.44124572275921
1246.43	44.44124572275921
1246.5	5.0
1247.0	5.0
1247.07	51.50184709736614
1247.43	51.50184709736614
1247.5	5.0
1248.0	5.0
1248.07	43.92042290700178
1248.43	43.92042290700178
1248.5	5.0
1249.0	5.0
1249.07	51.549525662691885
1249.43	51.549525662691885
1249.5	5.0
1250.0	5.0
1250.07	60.14450869837589
1250.43	60.14450869837589
1250.5	5.0
1251.0	5.0
1251.07	41.98157925409171
1251.43	41.98157925409171
1251.5	5.0
1252.0	5.0
1252.07	45.80683109789827
1252.43	45.80683109789827
1252.5	5.0
1253.0	5.0
1253.07	47.85292020666204
1253.43	47.85292020666204
1253.5	5.0
1254.0	5.0
1254.07	55.83906876744798
1254.43	55.83906876744798
1254.5	5.0
1255.0	5.0
1255.07	49.96572725855101
1255.43	49.96572725855101
1255.5	5.0
1256.0	5.0
1256.07	48.698419857114395
1256.43	48.698419857114395
1256.5	5.0
1257.0	5.0
1257.07	42.83529983666378
1257.43	42.83529983666378
1257.5	5.0
1258.0	5.0
1258.07	47.769024460027794
1258.43	47.769024460027794
1258.5	5.0
1259.0	5.0
1259.07	66.43783148726035
1259.43	66.43783148726035
1259.5	5.0
1260.0	5.0
1260.07	67.62710397644582
1260.43	67.62710397644582
1260.5	5.0
1261.0	5.0
1261.07	51.71045051025838
1261.43	51.71045051025838
1261.5	5.0
1262.0	5.0
1262.07	69.46334961904506
1262.43	69.46334961904506
1262.5	5.0
1263.0	5.0
1263.07	46.5916050274767
1263.43	46.5916050274767
1263.5	5.0
1264.0	5.0
1264.07	51.08963030310605
1264.43	51.08963030310605
1264.5	5.0
1265.0	5.0
1265.07	62.4866258376458
1265.43	62.4866258376458
1265.5	5.0
1266.0	5.0
1266.07	60.4194485491542
1266.43	60.4194485491542
1266.5	5.0
1267.0	5.0
1267.07	40.28889838143418
1267.43	40.28889838143418
1267.5	5.0
1268.0	5.0
1268.07	51.122202445756656
1268.43	51.122202445756656
1268.5	5.0
1269.0	5.0
1269.07	42.5879534455626
1269.43	42.5879534455626
1269.5	5.0
1270.0	5.0
1270.07	40.98645665596851
1270.43	40.98645665596851
1270.5	5.0
1271.0	5.0
1271.07	46.81093506845327
1271.43	46.81093506845327
1271.5	5.0
1272.0	5.0
1272.07	44.820050415905634
1272.43	44.820050415905634
1272.5	5.0
1273.0	5.0
1273.07	47.71880491884485
1273.43	47.71880491884485
1273.5	5.0
1274.0	5.0
1274.07	59.59938447998749
1274.43	59.59938447998749
1274.5	5.0
1275.0	5.0
1275.07	54.11628386512908
1275.43	54.11628386512908
1275.5	5.0
1276.0	5.0
1276.07	62.671771981326614
1276.43	62.671771981326614
1276.5	5.0
1277.0	5.0
1277.07	57.88658366125216
1277.43	57.88658366125216
1277.5	5.0
1278.0	5.0
1278.07	62.423352111299295
1278.43	62.423352111299295
1278.5	5.0
1279.0	5.0
1279.07	52.130050706168994
1279.43	52.130050706168994
1279.5	5.0
1280.0	5.0
1280.07	68.8542694304785
1280.43	68.8542694304785
1280.5	5.0
1281.0	5.0
1281.07	42.82277559042338
1281.43	42.82277559042338
1281.5	5.0
1282.0	5.0
1282.07	48.08484466897859
1282.43	48.08484466897859
1282.5	5.0
1283.0	5.0
1283.07	58.30511132775787
1283.43	58.30511132775787
1283.5	5.0
1284.0	5.0
1284.07	61.32641391219925
1284.43	61.32641391219925
1284.5	5.0
1285.0	5.0
1285.07	43.52547121663855
1285.43	43.52547121663855
1285.5	5.0
1286.0	5.0
1286.07	64.32540778108955
1286.43	64.32540778108955
1286.5	5.0
1287.0	5.0
1287.07	63.24170097933445
1287.43	63.24170097933445
1287.5	5.0
1288.0	5.0
1288.07	45.58117463154762
1288.43	45.58117463154762
1288.5	5.0
1289.0	5.0
1289.07	44.304477058480146
1289.43	44.304477058480146
1289.5	5.0
1290.0	5.0
1290.07	50.70225522566557
1290.43	50.70225522566557
1290.5	5.0
1291.0	5.0
1291.07	41.150452595825065
1291.43	41.150452595825065
1291.5	5.0
1292.0	5.0
1292.07	48.77731716378915
1292.43	48.77731716378915
1292.5	5.0
1293.0	5.0
1293.07	53.40755059392931
1293.43	53.40755059392931
1293.5	5.0
1294.0	5.0
1294.07	40.64878529497692
1294.43	40.64878529497692
1294.5	5.0
1295.0	5.0
1295.07	40.111031368850796
1295.43	40.111031368850796
1295.5	5.0
1296.0	5.0
1296.07	48.95990055235704
1296.43	48.95990055235704
1296.5	5.0
1297.0	5.0
1297.07	47.27235344197084
1297.43	47.27235344197084
1297.5	5.0
1298.0	5.0
1298.07	56.793309936684125
1298.43	56.793309936684125
1298.5	5.0
1299.0	5.0
1299.07	43.036789121638265
1299.43	43.036789121638265
1299.5	5.0
1300.0	5.0
1300.07	49.307870739325864
1300.43	49.307870739325864
1300.5	5.0
1301.0	5.0
1301.07	51.469532658051946
1301.43	51.469532658051946
1301.5	5.0
1302.0	5.0
1302.07	57.59597006152957
1302.43	57.59597006152957
1302.5	5.0
1303.0	5.0
1303.07	69.11060527139684
1303.43	69.11060527139684
1303.5	5.0
1304.0	5.0
1304.07	56.16879385616454
1304.43	56.16879385616454
1304.5	5.0
1305.0	5.0
1305.07	45.83624646629904
1305.43	45.83624646629904
1305.5	5.0
1306.0	5.0
1306.07	45.63767877222619
1306.43	45.63767877222619
1306.5	5.0
1307.0	5.0
1307.07	46.993825263290304
1307.43	46.993825263290304
1307.5	5.0
1308.0	5.0
1308.07	57.82874774719219
1308.43	57.82874774719219
1308.5	5.0
1309.0	5.0
1309.07	65.25851065560029
1309.43	65.25851065560029
1309.5	5.0
1310.0	5.0
1310.07	54.5
1310.43	54.5
1310.5	5.0
1311.0	5.0
1311.07	54.0
1311.43	54.0
1311.5	5.0
1312.0	5.0
1312.07	53.5
1312.43	53.5
1312.5	5.0
1313.0	5.0
1313.07	53.0
1313.43	53.0
1313.5	5.0
1314.0	5.0
1314.07	52.5
1314.43	52.5
1314.5	5.0
1315.0	5.0
1315.07	52.0
1315.43	52.0
1315.5	5.0
1316.0	5.0
1316.07	51.5
1316.43	51.5
1316.5	5.0
1317.0	5.0
1317.07	51.0
1317.43	51.0
1317.5	5.0
1318.0	5.0
1318.07	50.5
1318.43	50.5
1318.5	5.0
1319.0	5.0
1319.07	50.0
1319.43	50.0
1319.5	5.0
1320.0	5.0
1320.07	49.5
1320.43	49.5
1320.5	5.0
1321.0	5.0
1321.07	49.0
1321.43	49.0
1321.5	5.0
1322.0	5.0
1322.07	48.5
1322.43	48.5
1322.5	5.0
1323.0	5.0
1323.07	48.0
1323.43	48.0
1323.5	5.0
1324.0	5.0
1324.07	47.5
1324.43	47.5
1324.5	5.0
1325.0	5.0
1325.07	47.0
1325.43	47.0
1325.5	5.0
1326.0	5.0
1326.07	46.5
1326.43	46.5
1326.5	5.0
1327.0	5.0
1327.07	46.0
1327.43	46.0
1327.5	5.0
1328.0	5.0
1328.07	45.5
1328.43	45.5
1328.5	5.0
1329.0	5.0
1329.07	45.0
1329.43	45.0
1329.5	5.0
1330.0	5.0
1330.07	44.5
1330.43	44.5
1330.5	5.0
1331.0	5.0
1331.07	44.0
1331.43	44.0
1331.5	5.0
1332.0	5.0
1332.07	43.5
1332.43	43.5
1332.5	5.0
1333.0	5.0
1333.07	43.0
1333.43	43.0
1333.5	5.0
1334.0	5.0
1334.07	42.5
1334.43	42.5
1334.5	5.0
1335.0	5.0
1335.07	42.0
1335.43	42.0
1335.5	5.0
1336.0	5.0
1336.07	41.5
1336.43	41.5
1336.5	5.0
1337.0	5.0
1337.07	41.0
1337.43	41.0
1337.5	5.0
1338.0	5.0
1338.07	40.5
1338.43	40.5
1338.5	5.0
1339.0	5.0
1339.07	40.0
1339.43	40.0
1339.5	5.0
1340.0	5.0
1340.07	39.5
1340.43	39.5
1340.5	5.0
1341.0	5.0
1341.07	39.0
1341.43	39.0
1341.5	5.0
1342.0	5.0
1342.07	38.5
1342.43	38.5
1342.5	5.0
1343.0	5.0
1343.07	38.0
1343.43	38.0
1343.5	5.0
1344.0	5.0
1344.07	37.5
1344.43	37.5
1344.5	5.0
1345.0	5.0
1345.07	37.0
1345.43	37.0
1345.5	5.0
1346.0	5.0
1346.07	36.5
1346.43	36.5
1346.5	5.0
1347.0	5.0
1347.07	36.0
1347.43	36.0
1347.5	5.0
1348.0	5.0
1348.07	35.5
1348.43	35.5
1348.5	5.0
1349.0	5.0
1349.07	35.0
1349.43	35.0
1349.5	5.0
1350.0	5.0
1350.07	34.5
1350.43	34.5
1350.5	5.0
1351.0	5.0
1351.07	34.0
1351.43	34.0
1351.5	5.0
1352.0	5.0
1352.07	33.5
1352.43	33.5
1352.5	5.0
1353.0	5.0
1353.07	33.0
1353.43	33.0
1353.5	5.0
1354.0	5.0
1354.07	32.5
1354.43	32.5
1354.5	5.0
1355.0	5.0
1355.07	32.0
1355.43	32.0
1355.5	5.0
1356.0	5.0
1356.07	31.5
1356.43	31.5
1356.5	5.0
1357.0	5.0
1357.07	31.0
1357.43	31.0
1357.5	5.0
1358.0	5.0
1358.07	30.5
1358.43	30.5
1358.5	5.0
1359.0	5.0
1359.07	30.0
1359.43	30.0
1359.5	5.0
1360.0	5.0
1360.07	29.5
1360.43	29.5
1360.5	5.0
1361.0	5.0
1361.07	29.0
1361.43	29.0
1361.5	5.0
1362.0	5.0
1362.07	28.5
1362.43	28.5
1362.5	5.0
1363.0	5.0
1363.07	28.0
1363.43	28.0
1363.5	5.0
1364.0	5.0
1364.07	27.5
1364.43	27.5
1364.5	5.0
1365.0	5.0
1365.07	27.0
1365.43	27.0
1365.5	5.0
1366.0	5.0
1366.07	26.5
1366.43	26.5
1366.5	5.0
1367.0	5.0
1367.07	26.0
1367.43	26.0
1367.5	5.0
1368.0	5.0
1368.07	25.5
1368.43	25.5
1368.5	5.0
1369.0	5.0
1369.07	25.0
1369.43	25.0
1369.5	5.0
1370.0	5.0
1370.07	24.5
1370.43	24.5
1370.5	5.0
1371.0	5.0
1371.07	24.0
1371.43	24.0
1371.5	5.0
1372.0	5.0
1372.07	23.5
1372.43	23.5
1372.5	5.0
1373.0	5.0
1373.07	23.0
1373.43	23.0
1373.5	5.0
1374.0	5.0
1374.07	22.5
1374.43	22.5
1374.5	5.0
1375.0	5.0
1375.07	22.0
1375.43	22.0
1375.5	5.0
1376.0	5.0
1376.07	21.5
1376.43	21.5
1376.5	5.0
1377.0	5.0
1377.07	21.0
1377.43	21.0
1377.5	5.0
1378.0	5.0
1378.07	20.5
1378.43	20.5
1378.5	5.0
1379.0	5.0
1379.07	20.0
1379.43	20.0
1379.5	5.0
1380.0	5.0
1380.07	19.5
1380.43	19.5
1380.5	5.0
1381.0	5.0
1381.07	19.0
1381.43	19.0
1381.5	5.0
1382.0	5.0
1382.07	18.5
1382.43	18.5
1382.5	5.0
1383.0	5.0
1383.07	18.0
1383.43	18.0
1383.5	5.0
1384.0	5.0
1384.07	17.5
1384.43	17.5
1384.5	5.0
1385.0	5.0
1385.07	17.0
1385.43	17.0
1385.5	5.0
1386.0	5.0
1386.07	16.5
1386.43	16.5
1386.5	5.0
1387.0	5.0
1387.07	16.0
1387.43	16.0
1387.5	5.0
1388.0	5.0
1388.07	15.5
1388.43	15.5
1388.5	5.0
1389.0	5.0
1389.07	15.0
1389.43	15.0
1389.5	5.0
1390.0	5.0
1390.07	14.5
1390.43	14.5
1390.5	5.0
1391.0	5.0
1391.07	14.0
1391.43	14.0
1391.5	5.0
1392.0	5.0
1392.07	13.5
1392.43	13.5
1392.5	5.0
1393.0	5.0
1393.07	13.0
1393.43	13.0
1393.5	5.0
1394.0	5.0
1394.07	12.5
1394.43	12.5
1394.5	5.0
1395.0	5.0
1395.07	12.0
1395.43	12.0
1395.5	5.0
1396.0	5.0
1396.07	11.5
1396.43	11.5
1396.5	5.0
1397.0	5.0
1397.07	11.0
1397.43	11.0
1397.5	5.0
1398.0	5.0
1398.07	10.5
1398.43	10.5
1398.5	5.0
1399.0	5.0
1399.07	10.0
1399.43	10.0
1399.5	5.0
1400.0	5.0
1400.07	9.5
1400.43	9.5
1400.5	5.0
1401.0	5.0
1401.07	9.0
1401.43	9.0
1401.5	5.0
1402.0	5.0
1402.07	8.5
1402.43	8.5
1402.5	5.0
1403.0	5.0
1403.07	8.0
1403.43	8.0
1403.5	5.0
1404.0	5.0
1404.07	7.5
1404.43	7.5
1404.5	5.0
1405.0	5.0
1405.07	7.0
1405.43	7.0
1405.5	5.0
1406.0	5.0
1406.07	6.5
1406.43	6.5
1406.5	5.0
1407.0	5.0
1407.07	6.0
1407.43	6.0
1407.5	5.0
1408.0	5.0
1408.07	5.5
1408.43	5.5
1408.5	5.0
1409.0	5.0
1409.07	5.0
1409.43	5.0
1409.5	5.0
1410.0	5.0
