Time(ns) 	 Current(Amp)
0	0
0.07	5.0
0.43	5.0
0.5	5.0
1.0	5.0
1.07	5.0
1.43	5.0
1.5	5.0
2.0	5.0
2.07	5.0
2.43	5.0
2.5	5.0
3.0	5.0
3.07	5.0
3.43	5.0
3.5	5.0
4.0	5.0
4.07	5.0
4.43	5.0
4.5	5.0
5.0	5.0
5.07	5.0
5.43	5.0
5.5	5.0
6.0	5.0
6.07	5.0
6.43	5.0
6.5	5.0
7.0	5.0
7.07	5.0
7.43	5.0
7.5	5.0
8.0	5.0
8.07	5.0
8.43	5.0
8.5	5.0
9.0	5.0
9.07	5.0
9.43	5.0
9.5	5.0
10.0	5.0
10.07	5.5
10.43	5.5
10.5	5.0
11.0	5.0
11.07	6.0
11.43	6.0
11.5	5.0
12.0	5.0
12.07	6.5
12.43	6.5
12.5	5.0
13.0	5.0
13.07	7.0
13.43	7.0
13.5	5.0
14.0	5.0
14.07	7.5
14.43	7.5
14.5	5.0
15.0	5.0
15.07	8.0
15.43	8.0
15.5	5.0
16.0	5.0
16.07	8.5
16.43	8.5
16.5	5.0
17.0	5.0
17.07	9.0
17.43	9.0
17.5	5.0
18.0	5.0
18.07	9.5
18.43	9.5
18.5	5.0
19.0	5.0
19.07	10.0
19.43	10.0
19.5	5.0
20.0	5.0
20.07	10.5
20.43	10.5
20.5	5.0
21.0	5.0
21.07	11.0
21.43	11.0
21.5	5.0
22.0	5.0
22.07	11.5
22.43	11.5
22.5	5.0
23.0	5.0
23.07	12.0
23.43	12.0
23.5	5.0
24.0	5.0
24.07	12.5
24.43	12.5
24.5	5.0
25.0	5.0
25.07	13.0
25.43	13.0
25.5	5.0
26.0	5.0
26.07	13.5
26.43	13.5
26.5	5.0
27.0	5.0
27.07	14.0
27.43	14.0
27.5	5.0
28.0	5.0
28.07	14.5
28.43	14.5
28.5	5.0
29.0	5.0
29.07	15.0
29.43	15.0
29.5	5.0
30.0	5.0
30.07	15.5
30.43	15.5
30.5	5.0
31.0	5.0
31.07	16.0
31.43	16.0
31.5	5.0
32.0	5.0
32.07	16.5
32.43	16.5
32.5	5.0
33.0	5.0
33.07	17.0
33.43	17.0
33.5	5.0
34.0	5.0
34.07	17.5
34.43	17.5
34.5	5.0
35.0	5.0
35.07	18.0
35.43	18.0
35.5	5.0
36.0	5.0
36.07	18.5
36.43	18.5
36.5	5.0
37.0	5.0
37.07	19.0
37.43	19.0
37.5	5.0
38.0	5.0
38.07	19.5
38.43	19.5
38.5	5.0
39.0	5.0
39.07	20.0
39.43	20.0
39.5	5.0
40.0	5.0
40.07	20.5
40.43	20.5
40.5	5.0
41.0	5.0
41.07	21.0
41.43	21.0
41.5	5.0
42.0	5.0
42.07	21.5
42.43	21.5
42.5	5.0
43.0	5.0
43.07	22.0
43.43	22.0
43.5	5.0
44.0	5.0
44.07	22.5
44.43	22.5
44.5	5.0
45.0	5.0
45.07	23.0
45.43	23.0
45.5	5.0
46.0	5.0
46.07	23.5
46.43	23.5
46.5	5.0
47.0	5.0
47.07	24.0
47.43	24.0
47.5	5.0
48.0	5.0
48.07	24.5
48.43	24.5
48.5	5.0
49.0	5.0
49.07	25.0
49.43	25.0
49.5	5.0
50.0	5.0
50.07	25.5
50.43	25.5
50.5	5.0
51.0	5.0
51.07	26.0
51.43	26.0
51.5	5.0
52.0	5.0
52.07	26.5
52.43	26.5
52.5	5.0
53.0	5.0
53.07	27.0
53.43	27.0
53.5	5.0
54.0	5.0
54.07	27.5
54.43	27.5
54.5	5.0
55.0	5.0
55.07	28.0
55.43	28.0
55.5	5.0
56.0	5.0
56.07	28.5
56.43	28.5
56.5	5.0
57.0	5.0
57.07	29.0
57.43	29.0
57.5	5.0
58.0	5.0
58.07	29.5
58.43	29.5
58.5	5.0
59.0	5.0
59.07	30.0
59.43	30.0
59.5	5.0
60.0	5.0
60.07	30.5
60.43	30.5
60.5	5.0
61.0	5.0
61.07	31.0
61.43	31.0
61.5	5.0
62.0	5.0
62.07	31.5
62.43	31.5
62.5	5.0
63.0	5.0
63.07	32.0
63.43	32.0
63.5	5.0
64.0	5.0
64.07	32.5
64.43	32.5
64.5	5.0
65.0	5.0
65.07	33.0
65.43	33.0
65.5	5.0
66.0	5.0
66.07	33.5
66.43	33.5
66.5	5.0
67.0	5.0
67.07	34.0
67.43	34.0
67.5	5.0
68.0	5.0
68.07	34.5
68.43	34.5
68.5	5.0
69.0	5.0
69.07	35.0
69.43	35.0
69.5	5.0
70.0	5.0
70.07	35.5
70.43	35.5
70.5	5.0
71.0	5.0
71.07	36.0
71.43	36.0
71.5	5.0
72.0	5.0
72.07	36.5
72.43	36.5
72.5	5.0
73.0	5.0
73.07	37.0
73.43	37.0
73.5	5.0
74.0	5.0
74.07	37.5
74.43	37.5
74.5	5.0
75.0	5.0
75.07	38.0
75.43	38.0
75.5	5.0
76.0	5.0
76.07	38.5
76.43	38.5
76.5	5.0
77.0	5.0
77.07	39.0
77.43	39.0
77.5	5.0
78.0	5.0
78.07	39.5
78.43	39.5
78.5	5.0
79.0	5.0
79.07	40.0
79.43	40.0
79.5	5.0
80.0	5.0
80.07	40.5
80.43	40.5
80.5	5.0
81.0	5.0
81.07	41.0
81.43	41.0
81.5	5.0
82.0	5.0
82.07	41.5
82.43	41.5
82.5	5.0
83.0	5.0
83.07	42.0
83.43	42.0
83.5	5.0
84.0	5.0
84.07	42.5
84.43	42.5
84.5	5.0
85.0	5.0
85.07	43.0
85.43	43.0
85.5	5.0
86.0	5.0
86.07	43.5
86.43	43.5
86.5	5.0
87.0	5.0
87.07	44.0
87.43	44.0
87.5	5.0
88.0	5.0
88.07	44.5
88.43	44.5
88.5	5.0
89.0	5.0
89.07	45.0
89.43	45.0
89.5	5.0
90.0	5.0
90.07	45.5
90.43	45.5
90.5	5.0
91.0	5.0
91.07	46.0
91.43	46.0
91.5	5.0
92.0	5.0
92.07	46.5
92.43	46.5
92.5	5.0
93.0	5.0
93.07	47.0
93.43	47.0
93.5	5.0
94.0	5.0
94.07	47.5
94.43	47.5
94.5	5.0
95.0	5.0
95.07	48.0
95.43	48.0
95.5	5.0
96.0	5.0
96.07	48.5
96.43	48.5
96.5	5.0
97.0	5.0
97.07	49.0
97.43	49.0
97.5	5.0
98.0	5.0
98.07	49.5
98.43	49.5
98.5	5.0
99.0	5.0
99.07	50.0
99.43	50.0
99.5	5.0
100.0	5.0
100.07	50.5
100.43	50.5
100.5	5.0
101.0	5.0
101.07	51.0
101.43	51.0
101.5	5.0
102.0	5.0
102.07	51.5
102.43	51.5
102.5	5.0
103.0	5.0
103.07	52.0
103.43	52.0
103.5	5.0
104.0	5.0
104.07	52.5
104.43	52.5
104.5	5.0
105.0	5.0
105.07	53.0
105.43	53.0
105.5	5.0
106.0	5.0
106.07	53.5
106.43	53.5
106.5	5.0
107.0	5.0
107.07	54.0
107.43	54.0
107.5	5.0
108.0	5.0
108.07	54.5
108.43	54.5
108.5	5.0
109.0	5.0
109.07	55.0
109.43	55.0
109.5	5.0
110.0	5.0
110.07	54.8
110.43	54.8
110.5	5.0
111.0	5.0
111.07	54.6
111.43	54.6
111.5	5.0
112.0	5.0
112.07	54.4
112.43	54.4
112.5	5.0
113.0	5.0
113.07	54.2
113.43	54.2
113.5	5.0
114.0	5.0
114.07	54.0
114.43	54.0
114.5	5.0
115.0	5.0
115.07	53.8
115.43	53.8
115.5	5.0
116.0	5.0
116.07	53.6
116.43	53.6
116.5	5.0
117.0	5.0
117.07	53.4
117.43	53.4
117.5	5.0
118.0	5.0
118.07	53.2
118.43	53.2
118.5	5.0
119.0	5.0
119.07	53.0
119.43	53.0
119.5	5.0
120.0	5.0
120.07	52.8
120.43	52.8
120.5	5.0
121.0	5.0
121.07	52.6
121.43	52.6
121.5	5.0
122.0	5.0
122.07	52.4
122.43	52.4
122.5	5.0
123.0	5.0
123.07	52.2
123.43	52.2
123.5	5.0
124.0	5.0
124.07	52.0
124.43	52.0
124.5	5.0
125.0	5.0
125.07	51.8
125.43	51.8
125.5	5.0
126.0	5.0
126.07	51.6
126.43	51.6
126.5	5.0
127.0	5.0
127.07	51.4
127.43	51.4
127.5	5.0
128.0	5.0
128.07	51.2
128.43	51.2
128.5	5.0
129.0	5.0
129.07	51.0
129.43	51.0
129.5	5.0
130.0	5.0
130.07	50.8
130.43	50.8
130.5	5.0
131.0	5.0
131.07	50.6
131.43	50.6
131.5	5.0
132.0	5.0
132.07	50.4
132.43	50.4
132.5	5.0
133.0	5.0
133.07	50.2
133.43	50.2
133.5	5.0
134.0	5.0
134.07	50.0
134.43	50.0
134.5	5.0
135.0	5.0
135.07	49.8
135.43	49.8
135.5	5.0
136.0	5.0
136.07	49.6
136.43	49.6
136.5	5.0
137.0	5.0
137.07	49.4
137.43	49.4
137.5	5.0
138.0	5.0
138.07	49.2
138.43	49.2
138.5	5.0
139.0	5.0
139.07	49.0
139.43	49.0
139.5	5.0
140.0	5.0
140.07	48.8
140.43	48.8
140.5	5.0
141.0	5.0
141.07	48.6
141.43	48.6
141.5	5.0
142.0	5.0
142.07	48.4
142.43	48.4
142.5	5.0
143.0	5.0
143.07	48.2
143.43	48.2
143.5	5.0
144.0	5.0
144.07	48.0
144.43	48.0
144.5	5.0
145.0	5.0
145.07	47.8
145.43	47.8
145.5	5.0
146.0	5.0
146.07	47.6
146.43	47.6
146.5	5.0
147.0	5.0
147.07	47.4
147.43	47.4
147.5	5.0
148.0	5.0
148.07	47.2
148.43	47.2
148.5	5.0
149.0	5.0
149.07	47.0
149.43	47.0
149.5	5.0
150.0	5.0
150.07	46.8
150.43	46.8
150.5	5.0
151.0	5.0
151.07	46.6
151.43	46.6
151.5	5.0
152.0	5.0
152.07	46.4
152.43	46.4
152.5	5.0
153.0	5.0
153.07	46.2
153.43	46.2
153.5	5.0
154.0	5.0
154.07	46.0
154.43	46.0
154.5	5.0
155.0	5.0
155.07	45.8
155.43	45.8
155.5	5.0
156.0	5.0
156.07	45.6
156.43	45.6
156.5	5.0
157.0	5.0
157.07	45.4
157.43	45.4
157.5	5.0
158.0	5.0
158.07	45.2
158.43	45.2
158.5	5.0
159.0	5.0
159.07	45.0
159.43	45.0
159.5	5.0
160.0	5.0
160.07	44.8
160.43	44.8
160.5	5.0
161.0	5.0
161.07	44.6
161.43	44.6
161.5	5.0
162.0	5.0
162.07	44.4
162.43	44.4
162.5	5.0
163.0	5.0
163.07	44.2
163.43	44.2
163.5	5.0
164.0	5.0
164.07	44.0
164.43	44.0
164.5	5.0
165.0	5.0
165.07	43.8
165.43	43.8
165.5	5.0
166.0	5.0
166.07	43.6
166.43	43.6
166.5	5.0
167.0	5.0
167.07	43.4
167.43	43.4
167.5	5.0
168.0	5.0
168.07	43.2
168.43	43.2
168.5	5.0
169.0	5.0
169.07	43.0
169.43	43.0
169.5	5.0
170.0	5.0
170.07	42.8
170.43	42.8
170.5	5.0
171.0	5.0
171.07	42.6
171.43	42.6
171.5	5.0
172.0	5.0
172.07	42.4
172.43	42.4
172.5	5.0
173.0	5.0
173.07	42.2
173.43	42.2
173.5	5.0
174.0	5.0
174.07	42.0
174.43	42.0
174.5	5.0
175.0	5.0
175.07	41.8
175.43	41.8
175.5	5.0
176.0	5.0
176.07	41.6
176.43	41.6
176.5	5.0
177.0	5.0
177.07	41.4
177.43	41.4
177.5	5.0
178.0	5.0
178.07	41.2
178.43	41.2
178.5	5.0
179.0	5.0
179.07	41.0
179.43	41.0
179.5	5.0
180.0	5.0
180.07	40.8
180.43	40.8
180.5	5.0
181.0	5.0
181.07	40.6
181.43	40.6
181.5	5.0
182.0	5.0
182.07	40.4
182.43	40.4
182.5	5.0
183.0	5.0
183.07	40.2
183.43	40.2
183.5	5.0
184.0	5.0
184.07	40.0
184.43	40.0
184.5	5.0
185.0	5.0
185.07	39.8
185.43	39.8
185.5	5.0
186.0	5.0
186.07	39.6
186.43	39.6
186.5	5.0
187.0	5.0
187.07	39.4
187.43	39.4
187.5	5.0
188.0	5.0
188.07	39.2
188.43	39.2
188.5	5.0
189.0	5.0
189.07	39.0
189.43	39.0
189.5	5.0
190.0	5.0
190.07	38.8
190.43	38.8
190.5	5.0
191.0	5.0
191.07	38.599999999999994
191.43	38.599999999999994
191.5	5.0
192.0	5.0
192.07	38.4
192.43	38.4
192.5	5.0
193.0	5.0
193.07	38.2
193.43	38.2
193.5	5.0
194.0	5.0
194.07	38.0
194.43	38.0
194.5	5.0
195.0	5.0
195.07	37.8
195.43	37.8
195.5	5.0
196.0	5.0
196.07	37.599999999999994
196.43	37.599999999999994
196.5	5.0
197.0	5.0
197.07	37.4
197.43	37.4
197.5	5.0
198.0	5.0
198.07	37.2
198.43	37.2
198.5	5.0
199.0	5.0
199.07	37.0
199.43	37.0
199.5	5.0
200.0	5.0
200.07	36.8
200.43	36.8
200.5	5.0
201.0	5.0
201.07	36.599999999999994
201.43	36.599999999999994
201.5	5.0
202.0	5.0
202.07	36.4
202.43	36.4
202.5	5.0
203.0	5.0
203.07	36.2
203.43	36.2
203.5	5.0
204.0	5.0
204.07	36.0
204.43	36.0
204.5	5.0
205.0	5.0
205.07	35.8
205.43	35.8
205.5	5.0
206.0	5.0
206.07	35.599999999999994
206.43	35.599999999999994
206.5	5.0
207.0	5.0
207.07	35.4
207.43	35.4
207.5	5.0
208.0	5.0
208.07	35.2
208.43	35.2
208.5	5.0
209.0	5.0
209.07	35.0
209.43	35.0
209.5	5.0
210.0	5.0
210.07	30.55181314965393
210.43	30.55181314965393
210.5	5.0
211.0	5.0
211.07	23.888407433634548
211.43	23.888407433634548
211.5	5.0
212.0	5.0
212.07	27.12284944635405
212.43	27.12284944635405
212.5	5.0
213.0	5.0
213.07	20.878471839056992
213.43	20.878471839056992
213.5	5.0
214.0	5.0
214.07	25.869746295614064
214.43	25.869746295614064
214.5	5.0
215.0	5.0
215.07	24.818538277191163
215.43	24.818538277191163
215.5	5.0
216.0	5.0
216.07	26.75917540065169
216.43	26.75917540065169
216.5	5.0
217.0	5.0
217.07	20.168358471898216
217.43	20.168358471898216
217.5	5.0
218.0	5.0
218.07	26.47776946280217
218.43	26.47776946280217
218.5	5.0
219.0	5.0
219.07	24.76792904947116
219.43	24.76792904947116
219.5	5.0
220.0	5.0
220.07	33.96111828251618
220.43	33.96111828251618
220.5	5.0
221.0	5.0
221.07	33.85525442651905
221.43	33.85525442651905
221.5	5.0
222.0	5.0
222.07	24.659963391549944
222.43	24.659963391549944
222.5	5.0
223.0	5.0
223.07	27.57766901803331
223.43	27.57766901803331
223.5	5.0
224.0	5.0
224.07	21.74884208072582
224.43	21.74884208072582
224.5	5.0
225.0	5.0
225.07	23.44288565689732
225.43	23.44288565689732
225.5	5.0
226.0	5.0
226.07	29.594172763369876
226.43	29.594172763369876
226.5	5.0
227.0	5.0
227.07	21.21724601130194
227.43	21.21724601130194
227.5	5.0
228.0	5.0
228.07	32.08557936319971
228.43	32.08557936319971
228.5	5.0
229.0	5.0
229.07	24.557516491211437
229.43	24.557516491211437
229.5	5.0
230.0	5.0
230.07	25.927768970543518
230.43	25.927768970543518
230.5	5.0
231.0	5.0
231.07	26.065557510518083
231.43	26.065557510518083
231.5	5.0
232.0	5.0
232.07	25.63428653998555
232.43	25.63428653998555
232.5	5.0
233.0	5.0
233.07	27.13446577594987
233.43	27.13446577594987
233.5	5.0
234.0	5.0
234.07	33.90312855489014
234.43	33.90312855489014
234.5	5.0
235.0	5.0
235.07	34.56510788459779
235.43	34.56510788459779
235.5	5.0
236.0	5.0
236.07	34.48011251676385
236.43	34.48011251676385
236.5	5.0
237.0	5.0
237.07	22.16870168159657
237.43	22.16870168159657
237.5	5.0
238.0	5.0
238.07	31.328845052215286
238.43	31.328845052215286
238.5	5.0
239.0	5.0
239.07	22.609237752330714
239.43	22.609237752330714
239.5	5.0
240.0	5.0
240.07	26.75192848257209
240.43	26.75192848257209
240.5	5.0
241.0	5.0
241.07	32.524564981963394
241.43	32.524564981963394
241.5	5.0
242.0	5.0
242.07	31.353926289523486
242.43	31.353926289523486
242.5	5.0
243.0	5.0
243.07	24.295062751355665
243.43	24.295062751355665
243.5	5.0
244.0	5.0
244.07	23.119133745871768
244.43	23.119133745871768
244.5	5.0
245.0	5.0
245.07	29.78326704410223
245.43	29.78326704410223
245.5	5.0
246.0	5.0
246.07	29.882807119664292
246.43	29.882807119664292
246.5	5.0
247.0	5.0
247.07	31.92343492508681
247.43	31.92343492508681
247.5	5.0
248.0	5.0
248.07	33.23083868607155
248.43	33.23083868607155
248.5	5.0
249.0	5.0
249.07	23.74822021429102
249.43	23.74822021429102
249.5	5.0
250.0	5.0
250.07	23.752615713613345
250.43	23.752615713613345
250.5	5.0
251.0	5.0
251.07	24.620074347595526
251.43	24.620074347595526
251.5	5.0
252.0	5.0
252.07	26.410707892483067
252.43	26.410707892483067
252.5	5.0
253.0	5.0
253.07	22.124656288001233
253.43	22.124656288001233
253.5	5.0
254.0	5.0
254.07	33.3036917726192
254.43	33.3036917726192
254.5	5.0
255.0	5.0
255.07	25.45101087849606
255.43	25.45101087849606
255.5	5.0
256.0	5.0
256.07	30.8692335207896
256.43	30.8692335207896
256.5	5.0
257.0	5.0
257.07	31.552953343653677
257.43	31.552953343653677
257.5	5.0
258.0	5.0
258.07	21.816702511533883
258.43	21.816702511533883
258.5	5.0
259.0	5.0
259.07	28.324744828898165
259.43	28.324744828898165
259.5	5.0
260.0	5.0
260.07	32.244478804988645
260.43	32.244478804988645
260.5	5.0
261.0	5.0
261.07	29.548947882047084
261.43	29.548947882047084
261.5	5.0
262.0	5.0
262.07	31.18685431011648
262.43	31.18685431011648
262.5	5.0
263.0	5.0
263.07	29.301318003439416
263.43	29.301318003439416
263.5	5.0
264.0	5.0
264.07	27.65054116687393
264.43	27.65054116687393
264.5	5.0
265.0	5.0
265.07	27.806701642970694
265.43	27.806701642970694
265.5	5.0
266.0	5.0
266.07	20.33096017890992
266.43	20.33096017890992
266.5	5.0
267.0	5.0
267.07	34.45480431375731
267.43	34.45480431375731
267.5	5.0
268.0	5.0
268.07	29.991320411898517
268.43	29.991320411898517
268.5	5.0
269.0	5.0
269.07	28.121785298588964
269.43	28.121785298588964
269.5	5.0
270.0	5.0
270.07	32.39402400228886
270.43	32.39402400228886
270.5	5.0
271.0	5.0
271.07	24.7765555104767
271.43	24.7765555104767
271.5	5.0
272.0	5.0
272.07	25.79094587920923
272.43	25.79094587920923
272.5	5.0
273.0	5.0
273.07	24.83055363509565
273.43	24.83055363509565
273.5	5.0
274.0	5.0
274.07	21.629993363339974
274.43	21.629993363339974
274.5	5.0
275.0	5.0
275.07	31.850078511225576
275.43	31.850078511225576
275.5	5.0
276.0	5.0
276.07	33.87726341761833
276.43	33.87726341761833
276.5	5.0
277.0	5.0
277.07	30.17044920007087
277.43	30.17044920007087
277.5	5.0
278.0	5.0
278.07	33.92888017910736
278.43	33.92888017910736
278.5	5.0
279.0	5.0
279.07	22.60002827739834
279.43	22.60002827739834
279.5	5.0
280.0	5.0
280.07	34.5932431692063
280.43	34.5932431692063
280.5	5.0
281.0	5.0
281.07	32.94694575640852
281.43	32.94694575640852
281.5	5.0
282.0	5.0
282.07	29.45874877188104
282.43	29.45874877188104
282.5	5.0
283.0	5.0
283.07	25.779582299064323
283.43	25.779582299064323
283.5	5.0
284.0	5.0
284.07	33.770182233423725
284.43	33.770182233423725
284.5	5.0
285.0	5.0
285.07	33.0860064661705
285.43	33.0860064661705
285.5	5.0
286.0	5.0
286.07	28.234934638190907
286.43	28.234934638190907
286.5	5.0
287.0	5.0
287.07	30.286079214425357
287.43	30.286079214425357
287.5	5.0
288.0	5.0
288.07	30.252225760437312
288.43	30.252225760437312
288.5	5.0
289.0	5.0
289.07	21.187222909488735
289.43	21.187222909488735
289.5	5.0
290.0	5.0
290.07	23.373087345737307
290.43	23.373087345737307
290.5	5.0
291.0	5.0
291.07	27.219074384821013
291.43	27.219074384821013
291.5	5.0
292.0	5.0
292.07	21.844840875707064
292.43	21.844840875707064
292.5	5.0
293.0	5.0
293.07	31.401569523191817
293.43	31.401569523191817
293.5	5.0
294.0	5.0
294.07	34.23765807263405
294.43	34.23765807263405
294.5	5.0
295.0	5.0
295.07	30.143865533228542
295.43	30.143865533228542
295.5	5.0
296.0	5.0
296.07	22.92836538803985
296.43	22.92836538803985
296.5	5.0
297.0	5.0
297.07	26.886753418063414
297.43	26.886753418063414
297.5	5.0
298.0	5.0
298.07	31.876678599576096
298.43	31.876678599576096
298.5	5.0
299.0	5.0
299.07	33.644064823566715
299.43	33.644064823566715
299.5	5.0
300.0	5.0
300.07	28.94368521806494
300.43	28.94368521806494
300.5	5.0
301.0	5.0
301.07	31.35857654283685
301.43	31.35857654283685
301.5	5.0
302.0	5.0
302.07	29.853869877913013
302.43	29.853869877913013
302.5	5.0
303.0	5.0
303.07	27.108667332788148
303.43	27.108667332788148
303.5	5.0
304.0	5.0
304.07	33.678150105740855
304.43	33.678150105740855
304.5	5.0
305.0	5.0
305.07	33.03450809438752
305.43	33.03450809438752
305.5	5.0
306.0	5.0
306.07	24.029175347236674
306.43	24.029175347236674
306.5	5.0
307.0	5.0
307.07	27.144062206531284
307.43	27.144062206531284
307.5	5.0
308.0	5.0
308.07	22.281815198013064
308.43	22.281815198013064
308.5	5.0
309.0	5.0
309.07	31.477161996501565
309.43	31.477161996501565
309.5	5.0
310.0	5.0
310.07	27.17656047839177
310.43	27.17656047839177
310.5	5.0
311.0	5.0
311.07	27.632378034653833
311.43	27.632378034653833
311.5	5.0
312.0	5.0
312.07	23.88040626956413
312.43	23.88040626956413
312.5	5.0
313.0	5.0
313.07	25.85865196008969
313.43	25.85865196008969
313.5	5.0
314.0	5.0
314.07	31.21589420451903
314.43	31.21589420451903
314.5	5.0
315.0	5.0
315.07	26.04046782898211
315.43	26.04046782898211
315.5	5.0
316.0	5.0
316.07	30.3811951127471
316.43	30.3811951127471
316.5	5.0
317.0	5.0
317.07	26.869485020043076
317.43	26.869485020043076
317.5	5.0
318.0	5.0
318.07	28.752166505327462
318.43	28.752166505327462
318.5	5.0
319.0	5.0
319.07	21.752772126718455
319.43	21.752772126718455
319.5	5.0
320.0	5.0
320.07	33.25792011062797
320.43	33.25792011062797
320.5	5.0
321.0	5.0
321.07	23.16217984595796
321.43	23.16217984595796
321.5	5.0
322.0	5.0
322.07	24.21792858135981
322.43	24.21792858135981
322.5	5.0
323.0	5.0
323.07	31.10376508144593
323.43	31.10376508144593
323.5	5.0
324.0	5.0
324.07	22.32178828099608
324.43	22.32178828099608
324.5	5.0
325.0	5.0
325.07	27.677531076921714
325.43	27.677531076921714
325.5	5.0
326.0	5.0
326.07	21.81530499881843
326.43	21.81530499881843
326.5	5.0
327.0	5.0
327.07	25.046377951957066
327.43	25.046377951957066
327.5	5.0
328.0	5.0
328.07	34.24877631913782
328.43	34.24877631913782
328.5	5.0
329.0	5.0
329.07	30.286126097014847
329.43	30.286126097014847
329.5	5.0
330.0	5.0
330.07	30.955221140411805
330.43	30.955221140411805
330.5	5.0
331.0	5.0
331.07	33.59054040064357
331.43	33.59054040064357
331.5	5.0
332.0	5.0
332.07	27.025176060340414
332.43	27.025176060340414
332.5	5.0
333.0	5.0
333.07	28.364626146751355
333.43	28.364626146751355
333.5	5.0
334.0	5.0
334.07	24.12848959305002
334.43	24.12848959305002
334.5	5.0
335.0	5.0
335.07	26.612474836272362
335.43	26.612474836272362
335.5	5.0
336.0	5.0
336.07	28.690492782245578
336.43	28.690492782245578
336.5	5.0
337.0	5.0
337.07	21.524391227291808
337.43	21.524391227291808
337.5	5.0
338.0	5.0
338.07	22.90218154595891
338.43	22.90218154595891
338.5	5.0
339.0	5.0
339.07	33.07257559533338
339.43	33.07257559533338
339.5	5.0
340.0	5.0
340.07	21.04927178113346
340.43	21.04927178113346
340.5	5.0
341.0	5.0
341.07	34.5138401082015
341.43	34.5138401082015
341.5	5.0
342.0	5.0
342.07	26.868332037511543
342.43	26.868332037511543
342.5	5.0
343.0	5.0
343.07	22.457953604645212
343.43	22.457953604645212
343.5	5.0
344.0	5.0
344.07	31.665888254223397
344.43	31.665888254223397
344.5	5.0
345.0	5.0
345.07	24.485017201977968
345.43	24.485017201977968
345.5	5.0
346.0	5.0
346.07	26.92246855966292
346.43	26.92246855966292
346.5	5.0
347.0	5.0
347.07	28.587630806311072
347.43	28.587630806311072
347.5	5.0
348.0	5.0
348.07	25.9129786461325
348.43	25.9129786461325
348.5	5.0
349.0	5.0
349.07	32.18915222128709
349.43	32.18915222128709
349.5	5.0
350.0	5.0
350.07	33.91898118763449
350.43	33.91898118763449
350.5	5.0
351.0	5.0
351.07	21.820136795201275
351.43	21.820136795201275
351.5	5.0
352.0	5.0
352.07	33.49238597394488
352.43	33.49238597394488
352.5	5.0
353.0	5.0
353.07	22.305980844156537
353.43	22.305980844156537
353.5	5.0
354.0	5.0
354.07	24.523962969403733
354.43	24.523962969403733
354.5	5.0
355.0	5.0
355.07	33.27287018071475
355.43	33.27287018071475
355.5	5.0
356.0	5.0
356.07	21.040527414593026
356.43	21.040527414593026
356.5	5.0
357.0	5.0
357.07	27.401677081124497
357.43	27.401677081124497
357.5	5.0
358.0	5.0
358.07	21.666595518458024
358.43	21.666595518458024
358.5	5.0
359.0	5.0
359.07	23.54306940586958
359.43	23.54306940586958
359.5	5.0
360.0	5.0
360.07	20.912463894826352
360.43	20.912463894826352
360.5	5.0
361.0	5.0
361.07	24.211980285380122
361.43	24.211980285380122
361.5	5.0
362.0	5.0
362.07	26.558616909242968
362.43	26.558616909242968
362.5	5.0
363.0	5.0
363.07	28.17588061029634
363.43	28.17588061029634
363.5	5.0
364.0	5.0
364.07	28.70692932918057
364.43	28.70692932918057
364.5	5.0
365.0	5.0
365.07	20.747312924168426
365.43	20.747312924168426
365.5	5.0
366.0	5.0
366.07	31.898617221016636
366.43	31.898617221016636
366.5	5.0
367.0	5.0
367.07	34.02660450931478
367.43	34.02660450931478
367.5	5.0
368.0	5.0
368.07	32.6773770570576
368.43	32.6773770570576
368.5	5.0
369.0	5.0
369.07	30.88347467803213
369.43	30.88347467803213
369.5	5.0
370.0	5.0
370.07	31.685239234107048
370.43	31.685239234107048
370.5	5.0
371.0	5.0
371.07	24.57810807910829
371.43	24.57810807910829
371.5	5.0
372.0	5.0
372.07	29.94475576747336
372.43	29.94475576747336
372.5	5.0
373.0	5.0
373.07	32.25080056144419
373.43	32.25080056144419
373.5	5.0
374.0	5.0
374.07	24.50074756118845
374.43	24.50074756118845
374.5	5.0
375.0	5.0
375.07	28.576517174404277
375.43	28.576517174404277
375.5	5.0
376.0	5.0
376.07	33.68943721395538
376.43	33.68943721395538
376.5	5.0
377.0	5.0
377.07	33.77287892979843
377.43	33.77287892979843
377.5	5.0
378.0	5.0
378.07	27.100526743558227
378.43	27.100526743558227
378.5	5.0
379.0	5.0
379.07	32.41742456943194
379.43	32.41742456943194
379.5	5.0
380.0	5.0
380.07	24.86889458257861
380.43	24.86889458257861
380.5	5.0
381.0	5.0
381.07	34.337472231354056
381.43	34.337472231354056
381.5	5.0
382.0	5.0
382.07	20.21021878964431
382.43	20.21021878964431
382.5	5.0
383.0	5.0
383.07	29.57189261704787
383.43	29.57189261704787
383.5	5.0
384.0	5.0
384.07	30.306751903829802
384.43	30.306751903829802
384.5	5.0
385.0	5.0
385.07	33.47486472444045
385.43	33.47486472444045
385.5	5.0
386.0	5.0
386.07	34.25838821271871
386.43	34.25838821271871
386.5	5.0
387.0	5.0
387.07	34.13699617833975
387.43	34.13699617833975
387.5	5.0
388.0	5.0
388.07	21.106619970353044
388.43	21.106619970353044
388.5	5.0
389.0	5.0
389.07	27.503027975311635
389.43	27.503027975311635
389.5	5.0
390.0	5.0
390.07	21.329536840872755
390.43	21.329536840872755
390.5	5.0
391.0	5.0
391.07	23.726738496806814
391.43	23.726738496806814
391.5	5.0
392.0	5.0
392.07	30.51727939631251
392.43	30.51727939631251
392.5	5.0
393.0	5.0
393.07	30.682396926736853
393.43	30.682396926736853
393.5	5.0
394.0	5.0
394.07	24.888037517853505
394.43	24.888037517853505
394.5	5.0
395.0	5.0
395.07	32.62821065962645
395.43	32.62821065962645
395.5	5.0
396.0	5.0
396.07	20.70405031600107
396.43	20.70405031600107
396.5	5.0
397.0	5.0
397.07	31.17325644713533
397.43	31.17325644713533
397.5	5.0
398.0	5.0
398.07	34.66479064020773
398.43	34.66479064020773
398.5	5.0
399.0	5.0
399.07	20.774279910119176
399.43	20.774279910119176
399.5	5.0
400.0	5.0
400.07	34.11082925441721
400.43	34.11082925441721
400.5	5.0
401.0	5.0
401.07	25.9522173653502
401.43	25.9522173653502
401.5	5.0
402.0	5.0
402.07	20.27603265645274
402.43	20.27603265645274
402.5	5.0
403.0	5.0
403.07	33.11454984307144
403.43	33.11454984307144
403.5	5.0
404.0	5.0
404.07	29.493543391259898
404.43	29.493543391259898
404.5	5.0
405.0	5.0
405.07	30.10867483203085
405.43	30.10867483203085
405.5	5.0
406.0	5.0
406.07	29.662134936064458
406.43	29.662134936064458
406.5	5.0
407.0	5.0
407.07	25.93656247216242
407.43	25.93656247216242
407.5	5.0
408.0	5.0
408.07	30.336783885728792
408.43	30.336783885728792
408.5	5.0
409.0	5.0
409.07	28.306976294541748
409.43	28.306976294541748
409.5	5.0
410.0	5.0
410.07	30.02789159401551
410.43	30.02789159401551
410.5	5.0
411.0	5.0
411.07	32.80752229376537
411.43	32.80752229376537
411.5	5.0
412.0	5.0
412.07	30.145309224963974
412.43	30.145309224963974
412.5	5.0
413.0	5.0
413.07	25.274534693361332
413.43	25.274534693361332
413.5	5.0
414.0	5.0
414.07	20.628153157022037
414.43	20.628153157022037
414.5	5.0
415.0	5.0
415.07	34.92039569040051
415.43	34.92039569040051
415.5	5.0
416.0	5.0
416.07	24.475535620316275
416.43	24.475535620316275
416.5	5.0
417.0	5.0
417.07	28.421348382593422
417.43	28.421348382593422
417.5	5.0
418.0	5.0
418.07	23.068897188934383
418.43	23.068897188934383
418.5	5.0
419.0	5.0
419.07	33.927817568155135
419.43	33.927817568155135
419.5	5.0
420.0	5.0
420.07	21.14042969987948
420.43	21.14042969987948
420.5	5.0
421.0	5.0
421.07	23.822947013661352
421.43	23.822947013661352
421.5	5.0
422.0	5.0
422.07	31.16042461443437
422.43	31.16042461443437
422.5	5.0
423.0	5.0
423.07	26.09158206743181
423.43	26.09158206743181
423.5	5.0
424.0	5.0
424.07	24.302317065076465
424.43	24.302317065076465
424.5	5.0
425.0	5.0
425.07	32.17219629394618
425.43	32.17219629394618
425.5	5.0
426.0	5.0
426.07	25.281790742000325
426.43	25.281790742000325
426.5	5.0
427.0	5.0
427.07	31.85712425582905
427.43	31.85712425582905
427.5	5.0
428.0	5.0
428.07	23.818931379173165
428.43	23.818931379173165
428.5	5.0
429.0	5.0
429.07	26.386805014236394
429.43	26.386805014236394
429.5	5.0
430.0	5.0
430.07	29.699000144734033
430.43	29.699000144734033
430.5	5.0
431.0	5.0
431.07	33.71911873565356
431.43	33.71911873565356
431.5	5.0
432.0	5.0
432.07	25.43216520017172
432.43	25.43216520017172
432.5	5.0
433.0	5.0
433.07	25.850535724798583
433.43	25.850535724798583
433.5	5.0
434.0	5.0
434.07	21.37463970929743
434.43	21.37463970929743
434.5	5.0
435.0	5.0
435.07	23.014696478243263
435.43	23.014696478243263
435.5	5.0
436.0	5.0
436.07	20.415601239307232
436.43	20.415601239307232
436.5	5.0
437.0	5.0
437.07	30.154172255726465
437.43	30.154172255726465
437.5	5.0
438.0	5.0
438.07	22.035798962094447
438.43	22.035798962094447
438.5	5.0
439.0	5.0
439.07	25.73323541712355
439.43	25.73323541712355
439.5	5.0
440.0	5.0
440.07	27.64333061254816
440.43	27.64333061254816
440.5	5.0
441.0	5.0
441.07	22.076144187368858
441.43	22.076144187368858
441.5	5.0
442.0	5.0
442.07	32.58481474024303
442.43	32.58481474024303
442.5	5.0
443.0	5.0
443.07	28.77005642894393
443.43	28.77005642894393
443.5	5.0
444.0	5.0
444.07	26.745934587650318
444.43	26.745934587650318
444.5	5.0
445.0	5.0
445.07	21.000387941772438
445.43	21.000387941772438
445.5	5.0
446.0	5.0
446.07	25.532098360265795
446.43	25.532098360265795
446.5	5.0
447.0	5.0
447.07	33.26969513761216
447.43	33.26969513761216
447.5	5.0
448.0	5.0
448.07	33.342158165690364
448.43	33.342158165690364
448.5	5.0
449.0	5.0
449.07	30.44585597786453
449.43	30.44585597786453
449.5	5.0
450.0	5.0
450.07	33.069355058171006
450.43	33.069355058171006
450.5	5.0
451.0	5.0
451.07	23.45794346377437
451.43	23.45794346377437
451.5	5.0
452.0	5.0
452.07	31.593996906405856
452.43	31.593996906405856
452.5	5.0
453.0	5.0
453.07	31.815941382430367
453.43	31.815941382430367
453.5	5.0
454.0	5.0
454.07	24.334744374652253
454.43	24.334744374652253
454.5	5.0
455.0	5.0
455.07	31.003323239402054
455.43	31.003323239402054
455.5	5.0
456.0	5.0
456.07	22.359123919942093
456.43	22.359123919942093
456.5	5.0
457.0	5.0
457.07	34.723765015903396
457.43	34.723765015903396
457.5	5.0
458.0	5.0
458.07	22.675474074730378
458.43	22.675474074730378
458.5	5.0
459.0	5.0
459.07	29.510914371416256
459.43	29.510914371416256
459.5	5.0
460.0	5.0
460.07	22.92336601287302
460.43	22.92336601287302
460.5	5.0
461.0	5.0
461.07	26.379724630239878
461.43	26.379724630239878
461.5	5.0
462.0	5.0
462.07	32.68477064640969
462.43	32.68477064640969
462.5	5.0
463.0	5.0
463.07	25.91101474710604
463.43	25.91101474710604
463.5	5.0
464.0	5.0
464.07	26.128322269387102
464.43	26.128322269387102
464.5	5.0
465.0	5.0
465.07	30.81890557623111
465.43	30.81890557623111
465.5	5.0
466.0	5.0
466.07	22.24585320740148
466.43	22.24585320740148
466.5	5.0
467.0	5.0
467.07	23.200568614759213
467.43	23.200568614759213
467.5	5.0
468.0	5.0
468.07	34.80894027923769
468.43	34.80894027923769
468.5	5.0
469.0	5.0
469.07	21.896461019040306
469.43	21.896461019040306
469.5	5.0
470.0	5.0
470.07	22.140791214315193
470.43	22.140791214315193
470.5	5.0
471.0	5.0
471.07	23.969339903122147
471.43	23.969339903122147
471.5	5.0
472.0	5.0
472.07	31.510899246825574
472.43	31.510899246825574
472.5	5.0
473.0	5.0
473.07	31.906459654032574
473.43	31.906459654032574
473.5	5.0
474.0	5.0
474.07	30.192983973231645
474.43	30.192983973231645
474.5	5.0
475.0	5.0
475.07	27.744009267922614
475.43	27.744009267922614
475.5	5.0
476.0	5.0
476.07	23.379719514479074
476.43	23.379719514479074
476.5	5.0
477.0	5.0
477.07	26.282527438362237
477.43	26.282527438362237
477.5	5.0
478.0	5.0
478.07	34.208323423411336
478.43	34.208323423411336
478.5	5.0
479.0	5.0
479.07	24.65806675821654
479.43	24.65806675821654
479.5	5.0
480.0	5.0
480.07	33.86679567650117
480.43	33.86679567650117
480.5	5.0
481.0	5.0
481.07	34.17837436417011
481.43	34.17837436417011
481.5	5.0
482.0	5.0
482.07	21.58567379458322
482.43	21.58567379458322
482.5	5.0
483.0	5.0
483.07	30.72090420098533
483.43	30.72090420098533
483.5	5.0
484.0	5.0
484.07	23.70586218438173
484.43	23.70586218438173
484.5	5.0
485.0	5.0
485.07	24.15646436374719
485.43	24.15646436374719
485.5	5.0
486.0	5.0
486.07	26.34405825495846
486.43	26.34405825495846
486.5	5.0
487.0	5.0
487.07	23.029432507514397
487.43	23.029432507514397
487.5	5.0
488.0	5.0
488.07	32.43145182530101
488.43	32.43145182530101
488.5	5.0
489.0	5.0
489.07	21.943124617290746
489.43	21.943124617290746
489.5	5.0
490.0	5.0
490.07	21.054512651611024
490.43	21.054512651611024
490.5	5.0
491.0	5.0
491.07	27.008571460790176
491.43	27.008571460790176
491.5	5.0
492.0	5.0
492.07	30.94970258629681
492.43	30.94970258629681
492.5	5.0
493.0	5.0
493.07	24.30787913269384
493.43	24.30787913269384
493.5	5.0
494.0	5.0
494.07	29.21893830529832
494.43	29.21893830529832
494.5	5.0
495.0	5.0
495.07	21.213543600616386
495.43	21.213543600616386
495.5	5.0
496.0	5.0
496.07	21.266509703106486
496.43	21.266509703106486
496.5	5.0
497.0	5.0
497.07	30.587311755471212
497.43	30.587311755471212
497.5	5.0
498.0	5.0
498.07	25.473979184994313
498.43	25.473979184994313
498.5	5.0
499.0	5.0
499.07	34.06487032289545
499.43	34.06487032289545
499.5	5.0
500.0	5.0
500.07	29.043680244474203
500.43	29.043680244474203
500.5	5.0
501.0	5.0
501.07	30.176554117124624
501.43	30.176554117124624
501.5	5.0
502.0	5.0
502.07	27.408665997414047
502.43	27.408665997414047
502.5	5.0
503.0	5.0
503.07	21.519939997815616
503.43	21.519939997815616
503.5	5.0
504.0	5.0
504.07	34.88142091270423
504.43	34.88142091270423
504.5	5.0
505.0	5.0
505.07	34.72482834115973
505.43	34.72482834115973
505.5	5.0
506.0	5.0
506.07	24.96680855510176
506.43	24.96680855510176
506.5	5.0
507.0	5.0
507.07	21.224619707466324
507.43	21.224619707466324
507.5	5.0
508.0	5.0
508.07	22.67191341802041
508.43	22.67191341802041
508.5	5.0
509.0	5.0
509.07	25.76388074667594
509.43	25.76388074667594
509.5	5.0
510.0	5.0
510.07	27.602660789227897
510.43	27.602660789227897
510.5	5.0
511.0	5.0
511.07	31.918414478975194
511.43	31.918414478975194
511.5	5.0
512.0	5.0
512.07	30.112911977484725
512.43	30.112911977484725
512.5	5.0
513.0	5.0
513.07	34.368682761527545
513.43	34.368682761527545
513.5	5.0
514.0	5.0
514.07	22.47357190898907
514.43	22.47357190898907
514.5	5.0
515.0	5.0
515.07	24.123341442890087
515.43	24.123341442890087
515.5	5.0
516.0	5.0
516.07	28.49017323061137
516.43	28.49017323061137
516.5	5.0
517.0	5.0
517.07	33.09610315936646
517.43	33.09610315936646
517.5	5.0
518.0	5.0
518.07	27.560701322720234
518.43	27.560701322720234
518.5	5.0
519.0	5.0
519.07	21.75228221535799
519.43	21.75228221535799
519.5	5.0
520.0	5.0
520.07	21.596989526360943
520.43	21.596989526360943
520.5	5.0
521.0	5.0
521.07	29.29821350117534
521.43	29.29821350117534
521.5	5.0
522.0	5.0
522.07	30.958985007564436
522.43	30.958985007564436
522.5	5.0
523.0	5.0
523.07	33.11812234550884
523.43	33.11812234550884
523.5	5.0
524.0	5.0
524.07	27.109768775241278
524.43	27.109768775241278
524.5	5.0
525.0	5.0
525.07	22.86492415150988
525.43	22.86492415150988
525.5	5.0
526.0	5.0
526.07	29.44727340942171
526.43	29.44727340942171
526.5	5.0
527.0	5.0
527.07	27.22401176312691
527.43	27.22401176312691
527.5	5.0
528.0	5.0
528.07	32.02678019388016
528.43	32.02678019388016
528.5	5.0
529.0	5.0
529.07	26.45744298117704
529.43	26.45744298117704
529.5	5.0
530.0	5.0
530.07	20.638853739805104
530.43	20.638853739805104
530.5	5.0
531.0	5.0
531.07	33.53866604280569
531.43	33.53866604280569
531.5	5.0
532.0	5.0
532.07	23.227290876302767
532.43	23.227290876302767
532.5	5.0
533.0	5.0
533.07	27.073645658502187
533.43	27.073645658502187
533.5	5.0
534.0	5.0
534.07	29.15953935676761
534.43	29.15953935676761
534.5	5.0
535.0	5.0
535.07	21.1293929947545
535.43	21.1293929947545
535.5	5.0
536.0	5.0
536.07	20.15198083696936
536.43	20.15198083696936
536.5	5.0
537.0	5.0
537.07	23.50340496942416
537.43	23.50340496942416
537.5	5.0
538.0	5.0
538.07	30.31463819107748
538.43	30.31463819107748
538.5	5.0
539.0	5.0
539.07	20.916343757965265
539.43	20.916343757965265
539.5	5.0
540.0	5.0
540.07	29.53153153236301
540.43	29.53153153236301
540.5	5.0
541.0	5.0
541.07	21.460857647775
541.43	21.460857647775
541.5	5.0
542.0	5.0
542.07	27.990844289122908
542.43	27.990844289122908
542.5	5.0
543.0	5.0
543.07	33.91104414463502
543.43	33.91104414463502
543.5	5.0
544.0	5.0
544.07	25.840198154872297
544.43	25.840198154872297
544.5	5.0
545.0	5.0
545.07	30.186593608502477
545.43	30.186593608502477
545.5	5.0
546.0	5.0
546.07	25.082638932561355
546.43	25.082638932561355
546.5	5.0
547.0	5.0
547.07	21.555935729058536
547.43	21.555935729058536
547.5	5.0
548.0	5.0
548.07	23.95841664118011
548.43	23.95841664118011
548.5	5.0
549.0	5.0
549.07	30.26838603389804
549.43	30.26838603389804
549.5	5.0
550.0	5.0
550.07	23.412651332086632
550.43	23.412651332086632
550.5	5.0
551.0	5.0
551.07	34.16900505874424
551.43	34.16900505874424
551.5	5.0
552.0	5.0
552.07	31.828370915670202
552.43	31.828370915670202
552.5	5.0
553.0	5.0
553.07	22.544162544750073
553.43	22.544162544750073
553.5	5.0
554.0	5.0
554.07	30.849056527184086
554.43	30.849056527184086
554.5	5.0
555.0	5.0
555.07	20.54013555355499
555.43	20.54013555355499
555.5	5.0
556.0	5.0
556.07	21.5830842471681
556.43	21.5830842471681
556.5	5.0
557.0	5.0
557.07	32.513381369939346
557.43	32.513381369939346
557.5	5.0
558.0	5.0
558.07	28.28780621791704
558.43	28.28780621791704
558.5	5.0
559.0	5.0
559.07	27.165526663445405
559.43	27.165526663445405
559.5	5.0
560.0	5.0
560.07	30.31429693190942
560.43	30.31429693190942
560.5	5.0
561.0	5.0
561.07	32.80518120636742
561.43	32.80518120636742
561.5	5.0
562.0	5.0
562.07	29.698392527698836
562.43	29.698392527698836
562.5	5.0
563.0	5.0
563.07	30.209281131392526
563.43	30.209281131392526
563.5	5.0
564.0	5.0
564.07	29.405195823179618
564.43	29.405195823179618
564.5	5.0
565.0	5.0
565.07	22.90256201762036
565.43	22.90256201762036
565.5	5.0
566.0	5.0
566.07	22.118201304428894
566.43	22.118201304428894
566.5	5.0
567.0	5.0
567.07	34.26808732197804
567.43	34.26808732197804
567.5	5.0
568.0	5.0
568.07	28.450932136378725
568.43	28.450932136378725
568.5	5.0
569.0	5.0
569.07	29.762115815807782
569.43	29.762115815807782
569.5	5.0
570.0	5.0
570.07	29.819937318668288
570.43	29.819937318668288
570.5	5.0
571.0	5.0
571.07	26.723179669677847
571.43	26.723179669677847
571.5	5.0
572.0	5.0
572.07	26.025476680457388
572.43	26.025476680457388
572.5	5.0
573.0	5.0
573.07	24.616556065353265
573.43	24.616556065353265
573.5	5.0
574.0	5.0
574.07	23.466974777963532
574.43	23.466974777963532
574.5	5.0
575.0	5.0
575.07	23.766146790306514
575.43	23.766146790306514
575.5	5.0
576.0	5.0
576.07	27.77153584386065
576.43	27.77153584386065
576.5	5.0
577.0	5.0
577.07	32.99494315986783
577.43	32.99494315986783
577.5	5.0
578.0	5.0
578.07	31.02078672767729
578.43	31.02078672767729
578.5	5.0
579.0	5.0
579.07	26.259029236457234
579.43	26.259029236457234
579.5	5.0
580.0	5.0
580.07	33.61114208863822
580.43	33.61114208863822
580.5	5.0
581.0	5.0
581.07	34.30211770658072
581.43	34.30211770658072
581.5	5.0
582.0	5.0
582.07	29.758448733505347
582.43	29.758448733505347
582.5	5.0
583.0	5.0
583.07	30.200284341167794
583.43	30.200284341167794
583.5	5.0
584.0	5.0
584.07	30.686098588687848
584.43	30.686098588687848
584.5	5.0
585.0	5.0
585.07	28.872300257059244
585.43	28.872300257059244
585.5	5.0
586.0	5.0
586.07	24.490418443984588
586.43	24.490418443984588
586.5	5.0
587.0	5.0
587.07	23.340017772623497
587.43	23.340017772623497
587.5	5.0
588.0	5.0
588.07	32.30927218669578
588.43	32.30927218669578
588.5	5.0
589.0	5.0
589.07	23.483446253976297
589.43	23.483446253976297
589.5	5.0
590.0	5.0
590.07	25.578466746298673
590.43	25.578466746298673
590.5	5.0
591.0	5.0
591.07	23.22913828445546
591.43	23.22913828445546
591.5	5.0
592.0	5.0
592.07	20.364356977884377
592.43	20.364356977884377
592.5	5.0
593.0	5.0
593.07	20.675361910541007
593.43	20.675361910541007
593.5	5.0
594.0	5.0
594.07	34.93568986983672
594.43	34.93568986983672
594.5	5.0
595.0	5.0
595.07	33.93675942836729
595.43	33.93675942836729
595.5	5.0
596.0	5.0
596.07	24.646519697417215
596.43	24.646519697417215
596.5	5.0
597.0	5.0
597.07	29.830800236401927
597.43	29.830800236401927
597.5	5.0
598.0	5.0
598.07	28.292593307850954
598.43	28.292593307850954
598.5	5.0
599.0	5.0
599.07	34.7000441155242
599.43	34.7000441155242
599.5	5.0
600.0	5.0
600.07	32.83336227162106
600.43	32.83336227162106
600.5	5.0
601.0	5.0
601.07	25.40387199706117
601.43	25.40387199706117
601.5	5.0
602.0	5.0
602.07	24.52430707073507
602.43	24.52430707073507
602.5	5.0
603.0	5.0
603.07	32.70434661009436
603.43	32.70434661009436
603.5	5.0
604.0	5.0
604.07	20.404040035425485
604.43	20.404040035425485
604.5	5.0
605.0	5.0
605.07	24.892425365305915
605.43	24.892425365305915
605.5	5.0
606.0	5.0
606.07	22.10816738373672
606.43	22.10816738373672
606.5	5.0
607.0	5.0
607.07	29.215351326713943
607.43	29.215351326713943
607.5	5.0
608.0	5.0
608.07	29.181478073062266
608.43	29.181478073062266
608.5	5.0
609.0	5.0
609.07	33.65099510938566
609.43	33.65099510938566
609.5	5.0
610.0	5.0
610.07	29.572750531503868
610.43	29.572750531503868
610.5	5.0
611.0	5.0
611.07	28.89734763667503
611.43	28.89734763667503
611.5	5.0
612.0	5.0
612.07	28.923438705709977
612.43	28.923438705709977
612.5	5.0
613.0	5.0
613.07	22.349598043691415
613.43	22.349598043691415
613.5	5.0
614.0	5.0
614.07	31.544678305148132
614.43	31.544678305148132
614.5	5.0
615.0	5.0
615.07	34.66790697337144
615.43	34.66790697337144
615.5	5.0
616.0	5.0
616.07	33.00289794884377
616.43	33.00289794884377
616.5	5.0
617.0	5.0
617.07	29.273294959431393
617.43	29.273294959431393
617.5	5.0
618.0	5.0
618.07	25.684022720074616
618.43	25.684022720074616
618.5	5.0
619.0	5.0
619.07	25.352616137827304
619.43	25.352616137827304
619.5	5.0
620.0	5.0
620.07	33.71823057837279
620.43	33.71823057837279
620.5	5.0
621.0	5.0
621.07	26.313842172272253
621.43	26.313842172272253
621.5	5.0
622.0	5.0
622.07	34.72169357492414
622.43	34.72169357492414
622.5	5.0
623.0	5.0
623.07	21.06739589408869
623.43	21.06739589408869
623.5	5.0
624.0	5.0
624.07	21.762200957861396
624.43	21.762200957861396
624.5	5.0
625.0	5.0
625.07	28.185428882521265
625.43	28.185428882521265
625.5	5.0
626.0	5.0
626.07	25.27656151635775
626.43	25.27656151635775
626.5	5.0
627.0	5.0
627.07	28.74659476345629
627.43	28.74659476345629
627.5	5.0
628.0	5.0
628.07	20.613449348818296
628.43	20.613449348818296
628.5	5.0
629.0	5.0
629.07	34.49998310842305
629.43	34.49998310842305
629.5	5.0
630.0	5.0
630.07	20.388812711217184
630.43	20.388812711217184
630.5	5.0
631.0	5.0
631.07	31.462959536402508
631.43	31.462959536402508
631.5	5.0
632.0	5.0
632.07	30.122786676751446
632.43	30.122786676751446
632.5	5.0
633.0	5.0
633.07	26.52324528839722
633.43	26.52324528839722
633.5	5.0
634.0	5.0
634.07	21.922794889287704
634.43	21.922794889287704
634.5	5.0
635.0	5.0
635.07	30.440217046765206
635.43	30.440217046765206
635.5	5.0
636.0	5.0
636.07	23.53016843974834
636.43	23.53016843974834
636.5	5.0
637.0	5.0
637.07	23.341731429617855
637.43	23.341731429617855
637.5	5.0
638.0	5.0
638.07	25.046032710283836
638.43	25.046032710283836
638.5	5.0
639.0	5.0
639.07	32.52722931765549
639.43	32.52722931765549
639.5	5.0
640.0	5.0
640.07	31.474520471423546
640.43	31.474520471423546
640.5	5.0
641.0	5.0
641.07	27.41511095862872
641.43	27.41511095862872
641.5	5.0
642.0	5.0
642.07	20.69220940995229
642.43	20.69220940995229
642.5	5.0
643.0	5.0
643.07	24.722690046060535
643.43	24.722690046060535
643.5	5.0
644.0	5.0
644.07	24.416562304138584
644.43	24.416562304138584
644.5	5.0
645.0	5.0
645.07	28.96251601355667
645.43	28.96251601355667
645.5	5.0
646.0	5.0
646.07	32.259695837620825
646.43	32.259695837620825
646.5	5.0
647.0	5.0
647.07	23.217534785272267
647.43	23.217534785272267
647.5	5.0
648.0	5.0
648.07	33.91321261996136
648.43	33.91321261996136
648.5	5.0
649.0	5.0
649.07	26.470022506196003
649.43	26.470022506196003
649.5	5.0
650.0	5.0
650.07	28.059292398175998
650.43	28.059292398175998
650.5	5.0
651.0	5.0
651.07	22.654830578022757
651.43	22.654830578022757
651.5	5.0
652.0	5.0
652.07	30.574872473289595
652.43	30.574872473289595
652.5	5.0
653.0	5.0
653.07	28.03777437241647
653.43	28.03777437241647
653.5	5.0
654.0	5.0
654.07	20.839239750158455
654.43	20.839239750158455
654.5	5.0
655.0	5.0
655.07	22.67697346010582
655.43	22.67697346010582
655.5	5.0
656.0	5.0
656.07	27.766229445610726
656.43	27.766229445610726
656.5	5.0
657.0	5.0
657.07	32.023741851004644
657.43	32.023741851004644
657.5	5.0
658.0	5.0
658.07	26.02254783767257
658.43	26.02254783767257
658.5	5.0
659.0	5.0
659.07	31.90711564197338
659.43	31.90711564197338
659.5	5.0
660.0	5.0
660.07	31.86617861458892
660.43	31.86617861458892
660.5	5.0
661.0	5.0
661.07	25.278919670640548
661.43	25.278919670640548
661.5	5.0
662.0	5.0
662.07	30.85560015294672
662.43	30.85560015294672
662.5	5.0
663.0	5.0
663.07	32.85036226947101
663.43	32.85036226947101
663.5	5.0
664.0	5.0
664.07	26.842176103629217
664.43	26.842176103629217
664.5	5.0
665.0	5.0
665.07	22.00313522060978
665.43	22.00313522060978
665.5	5.0
666.0	5.0
666.07	23.015446459978083
666.43	23.015446459978083
666.5	5.0
667.0	5.0
667.07	20.271802012790364
667.43	20.271802012790364
667.5	5.0
668.0	5.0
668.07	32.92156588393818
668.43	32.92156588393818
668.5	5.0
669.0	5.0
669.07	24.716902374284253
669.43	24.716902374284253
669.5	5.0
670.0	5.0
670.07	31.3738385609332
670.43	31.3738385609332
670.5	5.0
671.0	5.0
671.07	25.105177777249203
671.43	25.105177777249203
671.5	5.0
672.0	5.0
672.07	34.89538522488249
672.43	34.89538522488249
672.5	5.0
673.0	5.0
673.07	26.340311675950268
673.43	26.340311675950268
673.5	5.0
674.0	5.0
674.07	34.94829657181172
674.43	34.94829657181172
674.5	5.0
675.0	5.0
675.07	34.64218244811788
675.43	34.64218244811788
675.5	5.0
676.0	5.0
676.07	22.700158260885406
676.43	22.700158260885406
676.5	5.0
677.0	5.0
677.07	21.519914875981335
677.43	21.519914875981335
677.5	5.0
678.0	5.0
678.07	30.302994124297964
678.43	30.302994124297964
678.5	5.0
679.0	5.0
679.07	23.141529756244243
679.43	23.141529756244243
679.5	5.0
680.0	5.0
680.07	29.645946542840033
680.43	29.645946542840033
680.5	5.0
681.0	5.0
681.07	27.16945248688622
681.43	27.16945248688622
681.5	5.0
682.0	5.0
682.07	22.37951321561533
682.43	22.37951321561533
682.5	5.0
683.0	5.0
683.07	33.825791008359374
683.43	33.825791008359374
683.5	5.0
684.0	5.0
684.07	22.305045039816726
684.43	22.305045039816726
684.5	5.0
685.0	5.0
685.07	29.92161782205214
685.43	29.92161782205214
685.5	5.0
686.0	5.0
686.07	24.177083752005178
686.43	24.177083752005178
686.5	5.0
687.0	5.0
687.07	20.945823634863547
687.43	20.945823634863547
687.5	5.0
688.0	5.0
688.07	32.919355796389354
688.43	32.919355796389354
688.5	5.0
689.0	5.0
689.07	20.875223817914172
689.43	20.875223817914172
689.5	5.0
690.0	5.0
690.07	29.215572303724443
690.43	29.215572303724443
690.5	5.0
691.0	5.0
691.07	22.18360114661716
691.43	22.18360114661716
691.5	5.0
692.0	5.0
692.07	21.666180707690824
692.43	21.666180707690824
692.5	5.0
693.0	5.0
693.07	24.571957972838728
693.43	24.571957972838728
693.5	5.0
694.0	5.0
694.07	25.66248834433671
694.43	25.66248834433671
694.5	5.0
695.0	5.0
695.07	22.52786383254604
695.43	22.52786383254604
695.5	5.0
696.0	5.0
696.07	23.555376222027245
696.43	23.555376222027245
696.5	5.0
697.0	5.0
697.07	28.420314140889154
697.43	28.420314140889154
697.5	5.0
698.0	5.0
698.07	27.78935415145314
698.43	27.78935415145314
698.5	5.0
699.0	5.0
699.07	33.990767594794285
699.43	33.990767594794285
699.5	5.0
700.0	5.0
700.07	27.183073066751117
700.43	27.183073066751117
700.5	5.0
701.0	5.0
701.07	34.279426386652055
701.43	34.279426386652055
701.5	5.0
702.0	5.0
702.07	33.343629623377495
702.43	33.343629623377495
702.5	5.0
703.0	5.0
703.07	33.85847292878947
703.43	33.85847292878947
703.5	5.0
704.0	5.0
704.07	20.340399331493266
704.43	20.340399331493266
704.5	5.0
705.0	5.0
705.07	28.760003956209314
705.43	28.760003956209314
705.5	5.0
706.0	5.0
706.07	24.805261732847516
706.43	24.805261732847516
706.5	5.0
707.0	5.0
707.07	20.618671712624035
707.43	20.618671712624035
707.5	5.0
708.0	5.0
708.07	21.58231414724695
708.43	21.58231414724695
708.5	5.0
709.0	5.0
709.07	29.59668982019635
709.43	29.59668982019635
709.5	5.0
710.0	5.0
710.07	32.46959036721993
710.43	32.46959036721993
710.5	5.0
711.0	5.0
711.07	22.70116182640396
711.43	22.70116182640396
711.5	5.0
712.0	5.0
712.07	22.46128176932975
712.43	22.46128176932975
712.5	5.0
713.0	5.0
713.07	28.690542027911825
713.43	28.690542027911825
713.5	5.0
714.0	5.0
714.07	31.808574588035867
714.43	31.808574588035867
714.5	5.0
715.0	5.0
715.07	23.463171086060818
715.43	23.463171086060818
715.5	5.0
716.0	5.0
716.07	28.57171432631373
716.43	28.57171432631373
716.5	5.0
717.0	5.0
717.07	30.557263023398903
717.43	30.557263023398903
717.5	5.0
718.0	5.0
718.07	25.790878546548047
718.43	25.790878546548047
718.5	5.0
719.0	5.0
719.07	28.1695311270595
719.43	28.1695311270595
719.5	5.0
720.0	5.0
720.07	25.054174221661476
720.43	25.054174221661476
720.5	5.0
721.0	5.0
721.07	27.125145461347543
721.43	27.125145461347543
721.5	5.0
722.0	5.0
722.07	26.359562542212345
722.43	26.359562542212345
722.5	5.0
723.0	5.0
723.07	20.08171517613832
723.43	20.08171517613832
723.5	5.0
724.0	5.0
724.07	34.951672599468466
724.43	34.951672599468466
724.5	5.0
725.0	5.0
725.07	21.765494178673972
725.43	21.765494178673972
725.5	5.0
726.0	5.0
726.07	33.787116986897736
726.43	33.787116986897736
726.5	5.0
727.0	5.0
727.07	20.513434824941594
727.43	20.513434824941594
727.5	5.0
728.0	5.0
728.07	28.646125626055557
728.43	28.646125626055557
728.5	5.0
729.0	5.0
729.07	33.62365703411913
729.43	33.62365703411913
729.5	5.0
730.0	5.0
730.07	28.602013360154448
730.43	28.602013360154448
730.5	5.0
731.0	5.0
731.07	21.618629226721342
731.43	21.618629226721342
731.5	5.0
732.0	5.0
732.07	31.127700300192437
732.43	31.127700300192437
732.5	5.0
733.0	5.0
733.07	24.071081154645206
733.43	24.071081154645206
733.5	5.0
734.0	5.0
734.07	24.451210981548225
734.43	24.451210981548225
734.5	5.0
735.0	5.0
735.07	23.509380498282443
735.43	23.509380498282443
735.5	5.0
736.0	5.0
736.07	31.665534904085604
736.43	31.665534904085604
736.5	5.0
737.0	5.0
737.07	30.40759233505361
737.43	30.40759233505361
737.5	5.0
738.0	5.0
738.07	21.99785155853572
738.43	21.99785155853572
738.5	5.0
739.0	5.0
739.07	21.178775486339493
739.43	21.178775486339493
739.5	5.0
740.0	5.0
740.07	27.554880586052928
740.43	27.554880586052928
740.5	5.0
741.0	5.0
741.07	20.552577369292298
741.43	20.552577369292298
741.5	5.0
742.0	5.0
742.07	33.552352616376226
742.43	33.552352616376226
742.5	5.0
743.0	5.0
743.07	20.06644387323443
743.43	20.06644387323443
743.5	5.0
744.0	5.0
744.07	27.550001292525874
744.43	27.550001292525874
744.5	5.0
745.0	5.0
745.07	34.24765474348012
745.43	34.24765474348012
745.5	5.0
746.0	5.0
746.07	30.411120421544954
746.43	30.411120421544954
746.5	5.0
747.0	5.0
747.07	28.488467084686015
747.43	28.488467084686015
747.5	5.0
748.0	5.0
748.07	20.904372710935146
748.43	20.904372710935146
748.5	5.0
749.0	5.0
749.07	27.93861865184982
749.43	27.93861865184982
749.5	5.0
750.0	5.0
750.07	31.567699936007852
750.43	31.567699936007852
750.5	5.0
751.0	5.0
751.07	22.224971652440246
751.43	22.224971652440246
751.5	5.0
752.0	5.0
752.07	34.54953564549211
752.43	34.54953564549211
752.5	5.0
753.0	5.0
753.07	29.379446399713693
753.43	29.379446399713693
753.5	5.0
754.0	5.0
754.07	32.34609909120823
754.43	32.34609909120823
754.5	5.0
755.0	5.0
755.07	21.23727311964872
755.43	21.23727311964872
755.5	5.0
756.0	5.0
756.07	31.73190426744852
756.43	31.73190426744852
756.5	5.0
757.0	5.0
757.07	33.899628605550305
757.43	33.899628605550305
757.5	5.0
758.0	5.0
758.07	21.01023555598989
758.43	21.01023555598989
758.5	5.0
759.0	5.0
759.07	29.909185039965827
759.43	29.909185039965827
759.5	5.0
760.0	5.0
760.07	23.90189337727218
760.43	23.90189337727218
760.5	5.0
761.0	5.0
761.07	23.650954089506364
761.43	23.650954089506364
761.5	5.0
762.0	5.0
762.07	32.48630023192363
762.43	32.48630023192363
762.5	5.0
763.0	5.0
763.07	27.199881342000264
763.43	27.199881342000264
763.5	5.0
764.0	5.0
764.07	32.759207506370984
764.43	32.759207506370984
764.5	5.0
765.0	5.0
765.07	26.628366763894466
765.43	26.628366763894466
765.5	5.0
766.0	5.0
766.07	28.385820034571047
766.43	28.385820034571047
766.5	5.0
767.0	5.0
767.07	34.786246110277986
767.43	34.786246110277986
767.5	5.0
768.0	5.0
768.07	29.146927744565822
768.43	29.146927744565822
768.5	5.0
769.0	5.0
769.07	32.06719872563987
769.43	32.06719872563987
769.5	5.0
770.0	5.0
770.07	27.03786435652064
770.43	27.03786435652064
770.5	5.0
771.0	5.0
771.07	23.799415540388797
771.43	23.799415540388797
771.5	5.0
772.0	5.0
772.07	26.59417302489986
772.43	26.59417302489986
772.5	5.0
773.0	5.0
773.07	32.54429068535128
773.43	32.54429068535128
773.5	5.0
774.0	5.0
774.07	21.992890554174092
774.43	21.992890554174092
774.5	5.0
775.0	5.0
775.07	26.069625061917062
775.43	26.069625061917062
775.5	5.0
776.0	5.0
776.07	25.569018694497192
776.43	25.569018694497192
776.5	5.0
777.0	5.0
777.07	31.200636291569786
777.43	31.200636291569786
777.5	5.0
778.0	5.0
778.07	20.94003168756778
778.43	20.94003168756778
778.5	5.0
779.0	5.0
779.07	22.54425727760241
779.43	22.54425727760241
779.5	5.0
780.0	5.0
780.07	34.957851047375044
780.43	34.957851047375044
780.5	5.0
781.0	5.0
781.07	27.140072679563986
781.43	27.140072679563986
781.5	5.0
782.0	5.0
782.07	31.156693473474977
782.43	31.156693473474977
782.5	5.0
783.0	5.0
783.07	30.79529800808082
783.43	30.79529800808082
783.5	5.0
784.0	5.0
784.07	20.017093154821822
784.43	20.017093154821822
784.5	5.0
785.0	5.0
785.07	23.683035790958407
785.43	23.683035790958407
785.5	5.0
786.0	5.0
786.07	27.259550483166255
786.43	27.259550483166255
786.5	5.0
787.0	5.0
787.07	28.91849562697542
787.43	28.91849562697542
787.5	5.0
788.0	5.0
788.07	20.750142214199855
788.43	20.750142214199855
788.5	5.0
789.0	5.0
789.07	26.397632797340563
789.43	26.397632797340563
789.5	5.0
790.0	5.0
790.07	23.682694009928586
790.43	23.682694009928586
790.5	5.0
791.0	5.0
791.07	31.923528280410544
791.43	31.923528280410544
791.5	5.0
792.0	5.0
792.07	33.95391326364234
792.43	33.95391326364234
792.5	5.0
793.0	5.0
793.07	31.773302572100285
793.43	31.773302572100285
793.5	5.0
794.0	5.0
794.07	34.63924176024183
794.43	34.63924176024183
794.5	5.0
795.0	5.0
795.07	34.98933538898499
795.43	34.98933538898499
795.5	5.0
796.0	5.0
796.07	30.6639924632698
796.43	30.6639924632698
796.5	5.0
797.0	5.0
797.07	22.814869905001274
797.43	22.814869905001274
797.5	5.0
798.0	5.0
798.07	25.717946931282253
798.43	25.717946931282253
798.5	5.0
799.0	5.0
799.07	21.60103744104883
799.43	21.60103744104883
799.5	5.0
800.0	5.0
800.07	30.033154100828106
800.43	30.033154100828106
800.5	5.0
801.0	5.0
801.07	29.086097856077053
801.43	29.086097856077053
801.5	5.0
802.0	5.0
802.07	24.832474383847536
802.43	24.832474383847536
802.5	5.0
803.0	5.0
803.07	32.48719398937877
803.43	32.48719398937877
803.5	5.0
804.0	5.0
804.07	24.898849359345487
804.43	24.898849359345487
804.5	5.0
805.0	5.0
805.07	23.728841286741073
805.43	23.728841286741073
805.5	5.0
806.0	5.0
806.07	34.17949060288106
806.43	34.17949060288106
806.5	5.0
807.0	5.0
807.07	24.27544439734173
807.43	24.27544439734173
807.5	5.0
808.0	5.0
808.07	28.104840909303693
808.43	28.104840909303693
808.5	5.0
809.0	5.0
809.07	24.689019493422965
809.43	24.689019493422965
809.5	5.0
810.0	5.0
810.07	25.48402311542077
810.43	25.48402311542077
810.5	5.0
811.0	5.0
811.07	29.77422870269379
811.43	29.77422870269379
811.5	5.0
812.0	5.0
812.07	28.744651723231517
812.43	28.744651723231517
812.5	5.0
813.0	5.0
813.07	22.003763605586236
813.43	22.003763605586236
813.5	5.0
814.0	5.0
814.07	24.32243488984584
814.43	24.32243488984584
814.5	5.0
815.0	5.0
815.07	21.458613941196386
815.43	21.458613941196386
815.5	5.0
816.0	5.0
816.07	28.615858701715126
816.43	28.615858701715126
816.5	5.0
817.0	5.0
817.07	30.01242180887393
817.43	30.01242180887393
817.5	5.0
818.0	5.0
818.07	21.89050532964478
818.43	21.89050532964478
818.5	5.0
819.0	5.0
819.07	21.868565342410783
819.43	21.868565342410783
819.5	5.0
820.0	5.0
820.07	24.821637497092343
820.43	24.821637497092343
820.5	5.0
821.0	5.0
821.07	23.222722401365306
821.43	23.222722401365306
821.5	5.0
822.0	5.0
822.07	29.133553761203054
822.43	29.133553761203054
822.5	5.0
823.0	5.0
823.07	20.875878655391666
823.43	20.875878655391666
823.5	5.0
824.0	5.0
824.07	25.77999116031361
824.43	25.77999116031361
824.5	5.0
825.0	5.0
825.07	29.003199562906747
825.43	29.003199562906747
825.5	5.0
826.0	5.0
826.07	28.039129694989718
826.43	28.039129694989718
826.5	5.0
827.0	5.0
827.07	29.43866384891795
827.43	29.43866384891795
827.5	5.0
828.0	5.0
828.07	24.97044836262188
828.43	24.97044836262188
828.5	5.0
829.0	5.0
829.07	27.271222977091455
829.43	27.271222977091455
829.5	5.0
830.0	5.0
830.07	28.853886605385355
830.43	28.853886605385355
830.5	5.0
831.0	5.0
831.07	22.82770653073214
831.43	22.82770653073214
831.5	5.0
832.0	5.0
832.07	21.84630370901828
832.43	21.84630370901828
832.5	5.0
833.0	5.0
833.07	20.851323380073083
833.43	20.851323380073083
833.5	5.0
834.0	5.0
834.07	29.184457072654183
834.43	29.184457072654183
834.5	5.0
835.0	5.0
835.07	28.013549935024102
835.43	28.013549935024102
835.5	5.0
836.0	5.0
836.07	29.630545924379696
836.43	29.630545924379696
836.5	5.0
837.0	5.0
837.07	23.515707477455354
837.43	23.515707477455354
837.5	5.0
838.0	5.0
838.07	25.19823519873523
838.43	25.19823519873523
838.5	5.0
839.0	5.0
839.07	25.98307912840307
839.43	25.98307912840307
839.5	5.0
840.0	5.0
840.07	21.70713716813343
840.43	21.70713716813343
840.5	5.0
841.0	5.0
841.07	29.005524834013567
841.43	29.005524834013567
841.5	5.0
842.0	5.0
842.07	33.87718636179162
842.43	33.87718636179162
842.5	5.0
843.0	5.0
843.07	34.14958278119396
843.43	34.14958278119396
843.5	5.0
844.0	5.0
844.07	22.119753267377515
844.43	22.119753267377515
844.5	5.0
845.0	5.0
845.07	30.779137059413927
845.43	30.779137059413927
845.5	5.0
846.0	5.0
846.07	27.80911975236254
846.43	27.80911975236254
846.5	5.0
847.0	5.0
847.07	27.81968279156554
847.43	27.81968279156554
847.5	5.0
848.0	5.0
848.07	33.74623164600975
848.43	33.74623164600975
848.5	5.0
849.0	5.0
849.07	28.744733264237713
849.43	28.744733264237713
849.5	5.0
850.0	5.0
850.07	27.082719423073936
850.43	27.082719423073936
850.5	5.0
851.0	5.0
851.07	23.370761433679156
851.43	23.370761433679156
851.5	5.0
852.0	5.0
852.07	32.89259824293525
852.43	32.89259824293525
852.5	5.0
853.0	5.0
853.07	32.59443086664701
853.43	32.59443086664701
853.5	5.0
854.0	5.0
854.07	33.80503878529014
854.43	33.80503878529014
854.5	5.0
855.0	5.0
855.07	20.546133315066523
855.43	20.546133315066523
855.5	5.0
856.0	5.0
856.07	27.246139090710464
856.43	27.246139090710464
856.5	5.0
857.0	5.0
857.07	25.758772287852043
857.43	25.758772287852043
857.5	5.0
858.0	5.0
858.07	29.318182862450847
858.43	29.318182862450847
858.5	5.0
859.0	5.0
859.07	33.23865976513395
859.43	33.23865976513395
859.5	5.0
860.0	5.0
860.07	28.31177189253426
860.43	28.31177189253426
860.5	5.0
861.0	5.0
861.07	23.23095555960907
861.43	23.23095555960907
861.5	5.0
862.0	5.0
862.07	21.95953678473494
862.43	21.95953678473494
862.5	5.0
863.0	5.0
863.07	26.33836445084671
863.43	26.33836445084671
863.5	5.0
864.0	5.0
864.07	25.71128189521561
864.43	25.71128189521561
864.5	5.0
865.0	5.0
865.07	32.61872979771394
865.43	32.61872979771394
865.5	5.0
866.0	5.0
866.07	30.252129620662288
866.43	30.252129620662288
866.5	5.0
867.0	5.0
867.07	33.51952008829535
867.43	33.51952008829535
867.5	5.0
868.0	5.0
868.07	27.66861676565132
868.43	27.66861676565132
868.5	5.0
869.0	5.0
869.07	27.77035879765122
869.43	27.77035879765122
869.5	5.0
870.0	5.0
870.07	29.426245807387502
870.43	29.426245807387502
870.5	5.0
871.0	5.0
871.07	28.773655986732816
871.43	28.773655986732816
871.5	5.0
872.0	5.0
872.07	29.78558664960568
872.43	29.78558664960568
872.5	5.0
873.0	5.0
873.07	27.117681057246998
873.43	27.117681057246998
873.5	5.0
874.0	5.0
874.07	24.89098295904943
874.43	24.89098295904943
874.5	5.0
875.0	5.0
875.07	33.75986560682888
875.43	33.75986560682888
875.5	5.0
876.0	5.0
876.07	26.72212627228312
876.43	26.72212627228312
876.5	5.0
877.0	5.0
877.07	22.751297143373627
877.43	22.751297143373627
877.5	5.0
878.0	5.0
878.07	29.129665950919158
878.43	29.129665950919158
878.5	5.0
879.0	5.0
879.07	22.362389364494287
879.43	22.362389364494287
879.5	5.0
880.0	5.0
880.07	26.524326063334236
880.43	26.524326063334236
880.5	5.0
881.0	5.0
881.07	28.708243814406522
881.43	28.708243814406522
881.5	5.0
882.0	5.0
882.07	25.498604984584908
882.43	25.498604984584908
882.5	5.0
883.0	5.0
883.07	24.238766968420443
883.43	24.238766968420443
883.5	5.0
884.0	5.0
884.07	34.00555832569357
884.43	34.00555832569357
884.5	5.0
885.0	5.0
885.07	25.40583717917156
885.43	25.40583717917156
885.5	5.0
886.0	5.0
886.07	31.242617730679278
886.43	31.242617730679278
886.5	5.0
887.0	5.0
887.07	24.26302297407502
887.43	24.26302297407502
887.5	5.0
888.0	5.0
888.07	34.02607441236391
888.43	34.02607441236391
888.5	5.0
889.0	5.0
889.07	26.529851646711023
889.43	26.529851646711023
889.5	5.0
890.0	5.0
890.07	28.52387942929822
890.43	28.52387942929822
890.5	5.0
891.0	5.0
891.07	34.470911365442745
891.43	34.470911365442745
891.5	5.0
892.0	5.0
892.07	28.117591451889222
892.43	28.117591451889222
892.5	5.0
893.0	5.0
893.07	30.161671932205685
893.43	30.161671932205685
893.5	5.0
894.0	5.0
894.07	29.70733684093301
894.43	29.70733684093301
894.5	5.0
895.0	5.0
895.07	26.58799671234448
895.43	26.58799671234448
895.5	5.0
896.0	5.0
896.07	29.617968235116855
896.43	29.617968235116855
896.5	5.0
897.0	5.0
897.07	23.69056702480421
897.43	23.69056702480421
897.5	5.0
898.0	5.0
898.07	28.29296071475637
898.43	28.29296071475637
898.5	5.0
899.0	5.0
899.07	23.982392672500946
899.43	23.982392672500946
899.5	5.0
900.0	5.0
900.07	28.070279782824812
900.43	28.070279782824812
900.5	5.0
901.0	5.0
901.07	27.048686192955817
901.43	27.048686192955817
901.5	5.0
902.0	5.0
902.07	33.169555670817616
902.43	33.169555670817616
902.5	5.0
903.0	5.0
903.07	33.054294444727205
903.43	33.054294444727205
903.5	5.0
904.0	5.0
904.07	23.797324841196684
904.43	23.797324841196684
904.5	5.0
905.0	5.0
905.07	30.320256043398015
905.43	30.320256043398015
905.5	5.0
906.0	5.0
906.07	27.748691310654564
906.43	27.748691310654564
906.5	5.0
907.0	5.0
907.07	34.170935952742525
907.43	34.170935952742525
907.5	5.0
908.0	5.0
908.07	25.05697214239082
908.43	25.05697214239082
908.5	5.0
909.0	5.0
909.07	21.495848694411496
909.43	21.495848694411496
909.5	5.0
910.0	5.0
910.07	20.3767768000245
910.43	20.3767768000245
910.5	5.0
911.0	5.0
911.07	33.2375895811538
911.43	33.2375895811538
911.5	5.0
912.0	5.0
912.07	29.896884379166792
912.43	29.896884379166792
912.5	5.0
913.0	5.0
913.07	24.399035470755653
913.43	24.399035470755653
913.5	5.0
914.0	5.0
914.07	32.47634506859319
914.43	32.47634506859319
914.5	5.0
915.0	5.0
915.07	20.540461961854856
915.43	20.540461961854856
915.5	5.0
916.0	5.0
916.07	25.627856281765787
916.43	25.627856281765787
916.5	5.0
917.0	5.0
917.07	21.479697089881668
917.43	21.479697089881668
917.5	5.0
918.0	5.0
918.07	29.8328426312103
918.43	29.8328426312103
918.5	5.0
919.0	5.0
919.07	21.217831015472978
919.43	21.217831015472978
919.5	5.0
920.0	5.0
920.07	22.235882384365247
920.43	22.235882384365247
920.5	5.0
921.0	5.0
921.07	20.84084754419034
921.43	20.84084754419034
921.5	5.0
922.0	5.0
922.07	20.146960168988002
922.43	20.146960168988002
922.5	5.0
923.0	5.0
923.07	32.738293958677524
923.43	32.738293958677524
923.5	5.0
924.0	5.0
924.07	27.05617185345006
924.43	27.05617185345006
924.5	5.0
925.0	5.0
925.07	24.32348960023669
925.43	24.32348960023669
925.5	5.0
926.0	5.0
926.07	23.455474659232884
926.43	23.455474659232884
926.5	5.0
927.0	5.0
927.07	24.66428638979119
927.43	24.66428638979119
927.5	5.0
928.0	5.0
928.07	27.70599847787648
928.43	27.70599847787648
928.5	5.0
929.0	5.0
929.07	31.158952205012277
929.43	31.158952205012277
929.5	5.0
930.0	5.0
930.07	20.55790618666973
930.43	20.55790618666973
930.5	5.0
931.0	5.0
931.07	25.21992389213353
931.43	25.21992389213353
931.5	5.0
932.0	5.0
932.07	31.626850701181016
932.43	31.626850701181016
932.5	5.0
933.0	5.0
933.07	22.672969925189616
933.43	22.672969925189616
933.5	5.0
934.0	5.0
934.07	34.56477941569521
934.43	34.56477941569521
934.5	5.0
935.0	5.0
935.07	20.209327229693468
935.43	20.209327229693468
935.5	5.0
936.0	5.0
936.07	23.77402922363515
936.43	23.77402922363515
936.5	5.0
937.0	5.0
937.07	21.221042394647554
937.43	21.221042394647554
937.5	5.0
938.0	5.0
938.07	26.194513758365723
938.43	26.194513758365723
938.5	5.0
939.0	5.0
939.07	27.80812075599122
939.43	27.80812075599122
939.5	5.0
940.0	5.0
940.07	20.811089763060917
940.43	20.811089763060917
940.5	5.0
941.0	5.0
941.07	22.73517950587413
941.43	22.73517950587413
941.5	5.0
942.0	5.0
942.07	29.290120551285703
942.43	29.290120551285703
942.5	5.0
943.0	5.0
943.07	29.663045052214102
943.43	29.663045052214102
943.5	5.0
944.0	5.0
944.07	27.248441398182724
944.43	27.248441398182724
944.5	5.0
945.0	5.0
945.07	32.56381758372396
945.43	32.56381758372396
945.5	5.0
946.0	5.0
946.07	34.88403946446759
946.43	34.88403946446759
946.5	5.0
947.0	5.0
947.07	33.32659518187801
947.43	33.32659518187801
947.5	5.0
948.0	5.0
948.07	30.06997414724028
948.43	30.06997414724028
948.5	5.0
949.0	5.0
949.07	23.013199785644723
949.43	23.013199785644723
949.5	5.0
950.0	5.0
950.07	24.71919133026659
950.43	24.71919133026659
950.5	5.0
951.0	5.0
951.07	28.062191928740035
951.43	28.062191928740035
951.5	5.0
952.0	5.0
952.07	22.483736526144355
952.43	22.483736526144355
952.5	5.0
953.0	5.0
953.07	33.720754375769644
953.43	33.720754375769644
953.5	5.0
954.0	5.0
954.07	27.412024841170368
954.43	27.412024841170368
954.5	5.0
955.0	5.0
955.07	24.607921933035215
955.43	24.607921933035215
955.5	5.0
956.0	5.0
956.07	27.227739678223358
956.43	27.227739678223358
956.5	5.0
957.0	5.0
957.07	24.63312501310677
957.43	24.63312501310677
957.5	5.0
958.0	5.0
958.07	34.312984703194985
958.43	34.312984703194985
958.5	5.0
959.0	5.0
959.07	20.32226043347142
959.43	20.32226043347142
959.5	5.0
960.0	5.0
960.07	24.65802774479998
960.43	24.65802774479998
960.5	5.0
961.0	5.0
961.07	23.228099825785
961.43	23.228099825785
961.5	5.0
962.0	5.0
962.07	20.882992355161377
962.43	20.882992355161377
962.5	5.0
963.0	5.0
963.07	34.07999380982763
963.43	34.07999380982763
963.5	5.0
964.0	5.0
964.07	32.554246042022626
964.43	32.554246042022626
964.5	5.0
965.0	5.0
965.07	22.436711411686705
965.43	22.436711411686705
965.5	5.0
966.0	5.0
966.07	20.668458088523646
966.43	20.668458088523646
966.5	5.0
967.0	5.0
967.07	22.670462248247667
967.43	22.670462248247667
967.5	5.0
968.0	5.0
968.07	25.358049924391906
968.43	25.358049924391906
968.5	5.0
969.0	5.0
969.07	32.79161342217963
969.43	32.79161342217963
969.5	5.0
970.0	5.0
970.07	27.082444343704708
970.43	27.082444343704708
970.5	5.0
971.0	5.0
971.07	24.891421091195696
971.43	24.891421091195696
971.5	5.0
972.0	5.0
972.07	31.58965123555574
972.43	31.58965123555574
972.5	5.0
973.0	5.0
973.07	28.303156267587468
973.43	28.303156267587468
973.5	5.0
974.0	5.0
974.07	30.630137044768347
974.43	30.630137044768347
974.5	5.0
975.0	5.0
975.07	22.07491760268882
975.43	22.07491760268882
975.5	5.0
976.0	5.0
976.07	30.051696440218606
976.43	30.051696440218606
976.5	5.0
977.0	5.0
977.07	25.458935737551723
977.43	25.458935737551723
977.5	5.0
978.0	5.0
978.07	20.63082269951765
978.43	20.63082269951765
978.5	5.0
979.0	5.0
979.07	29.43638028924297
979.43	29.43638028924297
979.5	5.0
980.0	5.0
980.07	22.885571834338176
980.43	22.885571834338176
980.5	5.0
981.0	5.0
981.07	24.006778566651565
981.43	24.006778566651565
981.5	5.0
982.0	5.0
982.07	33.44331986934826
982.43	33.44331986934826
982.5	5.0
983.0	5.0
983.07	24.792590366952123
983.43	24.792590366952123
983.5	5.0
984.0	5.0
984.07	26.259878370532554
984.43	26.259878370532554
984.5	5.0
985.0	5.0
985.07	25.056334923617
985.43	25.056334923617
985.5	5.0
986.0	5.0
986.07	32.729289360420715
986.43	32.729289360420715
986.5	5.0
987.0	5.0
987.07	26.59953756469895
987.43	26.59953756469895
987.5	5.0
988.0	5.0
988.07	23.57518879694605
988.43	23.57518879694605
988.5	5.0
989.0	5.0
989.07	31.521872267163197
989.43	31.521872267163197
989.5	5.0
990.0	5.0
990.07	21.161101285434267
990.43	21.161101285434267
990.5	5.0
991.0	5.0
991.07	25.56744857523582
991.43	25.56744857523582
991.5	5.0
992.0	5.0
992.07	31.377346865223224
992.43	31.377346865223224
992.5	5.0
993.0	5.0
993.07	25.880416316610134
993.43	25.880416316610134
993.5	5.0
994.0	5.0
994.07	25.223788811397668
994.43	25.223788811397668
994.5	5.0
995.0	5.0
995.07	33.5656647598468
995.43	33.5656647598468
995.5	5.0
996.0	5.0
996.07	21.017106904969175
996.43	21.017106904969175
996.5	5.0
997.0	5.0
997.07	20.697061860176404
997.43	20.697061860176404
997.5	5.0
998.0	5.0
998.07	30.154642014341633
998.43	30.154642014341633
998.5	5.0
999.0	5.0
999.07	26.737236031350626
999.43	26.737236031350626
999.5	5.0
1000.0	5.0
1000.07	20.130791984471696
1000.43	20.130791984471696
1000.5	5.0
1001.0	5.0
1001.07	22.25117895542022
1001.43	22.25117895542022
1001.5	5.0
1002.0	5.0
1002.07	33.99253658120117
1002.43	33.99253658120117
1002.5	5.0
1003.0	5.0
1003.07	30.169159768203485
1003.43	30.169159768203485
1003.5	5.0
1004.0	5.0
1004.07	21.745138516813235
1004.43	21.745138516813235
1004.5	5.0
1005.0	5.0
1005.07	30.928817685570266
1005.43	30.928817685570266
1005.5	5.0
1006.0	5.0
1006.07	34.96015753175583
1006.43	34.96015753175583
1006.5	5.0
1007.0	5.0
1007.07	22.547965800279894
1007.43	22.547965800279894
1007.5	5.0
1008.0	5.0
1008.07	23.400444195662637
1008.43	23.400444195662637
1008.5	5.0
1009.0	5.0
1009.07	21.57199974679226
1009.43	21.57199974679226
1009.5	5.0
1010.0	5.0
1010.07	20.443015312357275
1010.43	20.443015312357275
1010.5	5.0
1011.0	5.0
1011.07	33.124793832645544
1011.43	33.124793832645544
1011.5	5.0
1012.0	5.0
1012.07	21.85087716896113
1012.43	21.85087716896113
1012.5	5.0
1013.0	5.0
1013.07	24.290497215233707
1013.43	24.290497215233707
1013.5	5.0
1014.0	5.0
1014.07	33.93668927714217
1014.43	33.93668927714217
1014.5	5.0
1015.0	5.0
1015.07	25.152938300389966
1015.43	25.152938300389966
1015.5	5.0
1016.0	5.0
1016.07	20.985293173653258
1016.43	20.985293173653258
1016.5	5.0
1017.0	5.0
1017.07	24.12331546655043
1017.43	24.12331546655043
1017.5	5.0
1018.0	5.0
1018.07	26.084788447163984
1018.43	26.084788447163984
1018.5	5.0
1019.0	5.0
1019.07	34.152383496606085
1019.43	34.152383496606085
1019.5	5.0
1020.0	5.0
1020.07	24.744877014989566
1020.43	24.744877014989566
1020.5	5.0
1021.0	5.0
1021.07	31.149391852721408
1021.43	31.149391852721408
1021.5	5.0
1022.0	5.0
1022.07	27.772981356916613
1022.43	27.772981356916613
1022.5	5.0
1023.0	5.0
1023.07	30.59129661198893
1023.43	30.59129661198893
1023.5	5.0
1024.0	5.0
1024.07	25.471478469850233
1024.43	25.471478469850233
1024.5	5.0
1025.0	5.0
1025.07	28.84779488071427
1025.43	28.84779488071427
1025.5	5.0
1026.0	5.0
1026.07	33.35374707064862
1026.43	33.35374707064862
1026.5	5.0
1027.0	5.0
1027.07	20.3681028331563
1027.43	20.3681028331563
1027.5	5.0
1028.0	5.0
1028.07	22.624239060802353
1028.43	22.624239060802353
1028.5	5.0
1029.0	5.0
1029.07	30.005378937487215
1029.43	30.005378937487215
1029.5	5.0
1030.0	5.0
1030.07	22.01247735931623
1030.43	22.01247735931623
1030.5	5.0
1031.0	5.0
1031.07	20.06424275489149
1031.43	20.06424275489149
1031.5	5.0
1032.0	5.0
1032.07	24.65970065009867
1032.43	24.65970065009867
1032.5	5.0
1033.0	5.0
1033.07	29.060232396547693
1033.43	29.060232396547693
1033.5	5.0
1034.0	5.0
1034.07	32.6833942455023
1034.43	32.6833942455023
1034.5	5.0
1035.0	5.0
1035.07	32.52351500884789
1035.43	32.52351500884789
1035.5	5.0
1036.0	5.0
1036.07	27.87582879221428
1036.43	27.87582879221428
1036.5	5.0
1037.0	5.0
1037.07	30.223512924655825
1037.43	30.223512924655825
1037.5	5.0
1038.0	5.0
1038.07	30.913646434194614
1038.43	30.913646434194614
1038.5	5.0
1039.0	5.0
1039.07	31.758783448291958
1039.43	31.758783448291958
1039.5	5.0
1040.0	5.0
1040.07	21.773411464908055
1040.43	21.773411464908055
1040.5	5.0
1041.0	5.0
1041.07	34.798797251484714
1041.43	34.798797251484714
1041.5	5.0
1042.0	5.0
1042.07	30.826535876047007
1042.43	30.826535876047007
1042.5	5.0
1043.0	5.0
1043.07	32.32762693558945
1043.43	32.32762693558945
1043.5	5.0
1044.0	5.0
1044.07	22.395813394912437
1044.43	22.395813394912437
1044.5	5.0
1045.0	5.0
1045.07	26.370794902155183
1045.43	26.370794902155183
1045.5	5.0
1046.0	5.0
1046.07	23.312205610762152
1046.43	23.312205610762152
1046.5	5.0
1047.0	5.0
1047.07	23.202787960773637
1047.43	23.202787960773637
1047.5	5.0
1048.0	5.0
1048.07	26.517887005778796
1048.43	26.517887005778796
1048.5	5.0
1049.0	5.0
1049.07	32.20568890869639
1049.43	32.20568890869639
1049.5	5.0
1050.0	5.0
1050.07	32.48268260657672
1050.43	32.48268260657672
1050.5	5.0
1051.0	5.0
1051.07	28.224132299425357
1051.43	28.224132299425357
1051.5	5.0
1052.0	5.0
1052.07	21.759275716732482
1052.43	21.759275716732482
1052.5	5.0
1053.0	5.0
1053.07	25.54495487287434
1053.43	25.54495487287434
1053.5	5.0
1054.0	5.0
1054.07	30.255224388613193
1054.43	30.255224388613193
1054.5	5.0
1055.0	5.0
1055.07	25.77993277429344
1055.43	25.77993277429344
1055.5	5.0
1056.0	5.0
1056.07	24.57735923062986
1056.43	24.57735923062986
1056.5	5.0
1057.0	5.0
1057.07	22.865559883320813
1057.43	22.865559883320813
1057.5	5.0
1058.0	5.0
1058.07	29.2075586499408
1058.43	29.2075586499408
1058.5	5.0
1059.0	5.0
1059.07	31.009848311090888
1059.43	31.009848311090888
1059.5	5.0
1060.0	5.0
1060.07	22.06595316122265
1060.43	22.06595316122265
1060.5	5.0
1061.0	5.0
1061.07	32.9521389822298
1061.43	32.9521389822298
1061.5	5.0
1062.0	5.0
1062.07	33.850644035590854
1062.43	33.850644035590854
1062.5	5.0
1063.0	5.0
1063.07	28.63872337924832
1063.43	28.63872337924832
1063.5	5.0
1064.0	5.0
1064.07	20.278125096969642
1064.43	20.278125096969642
1064.5	5.0
1065.0	5.0
1065.07	31.44719222533262
1065.43	31.44719222533262
1065.5	5.0
1066.0	5.0
1066.07	23.789177721357024
1066.43	23.789177721357024
1066.5	5.0
1067.0	5.0
1067.07	23.259462079354872
1067.43	23.259462079354872
1067.5	5.0
1068.0	5.0
1068.07	24.05767867256992
1068.43	24.05767867256992
1068.5	5.0
1069.0	5.0
1069.07	33.81520667737672
1069.43	33.81520667737672
1069.5	5.0
1070.0	5.0
1070.07	22.314087727282
1070.43	22.314087727282
1070.5	5.0
1071.0	5.0
1071.07	32.689155944186226
1071.43	32.689155944186226
1071.5	5.0
1072.0	5.0
1072.07	29.929854555143777
1072.43	29.929854555143777
1072.5	5.0
1073.0	5.0
1073.07	28.33089171576576
1073.43	28.33089171576576
1073.5	5.0
1074.0	5.0
1074.07	21.300231056711358
1074.43	21.300231056711358
1074.5	5.0
1075.0	5.0
1075.07	23.710696701460982
1075.43	23.710696701460982
1075.5	5.0
1076.0	5.0
1076.07	34.577402480655564
1076.43	34.577402480655564
1076.5	5.0
1077.0	5.0
1077.07	32.894730697964675
1077.43	32.894730697964675
1077.5	5.0
1078.0	5.0
1078.07	28.91820991465984
1078.43	28.91820991465984
1078.5	5.0
1079.0	5.0
1079.07	26.53399938638452
1079.43	26.53399938638452
1079.5	5.0
1080.0	5.0
1080.07	20.72076523332703
1080.43	20.72076523332703
1080.5	5.0
1081.0	5.0
1081.07	25.879952303347814
1081.43	25.879952303347814
1081.5	5.0
1082.0	5.0
1082.07	29.388188576171576
1082.43	29.388188576171576
1082.5	5.0
1083.0	5.0
1083.07	22.34601667319214
1083.43	22.34601667319214
1083.5	5.0
1084.0	5.0
1084.07	23.537463942086372
1084.43	23.537463942086372
1084.5	5.0
1085.0	5.0
1085.07	25.81085685508996
1085.43	25.81085685508996
1085.5	5.0
1086.0	5.0
1086.07	28.14583345318934
1086.43	28.14583345318934
1086.5	5.0
1087.0	5.0
1087.07	33.062049462657754
1087.43	33.062049462657754
1087.5	5.0
1088.0	5.0
1088.07	34.67685693953567
1088.43	34.67685693953567
1088.5	5.0
1089.0	5.0
1089.07	25.449345205251646
1089.43	25.449345205251646
1089.5	5.0
1090.0	5.0
1090.07	33.3130538669875
1090.43	33.3130538669875
1090.5	5.0
1091.0	5.0
1091.07	20.720651006769277
1091.43	20.720651006769277
1091.5	5.0
1092.0	5.0
1092.07	34.788649674206475
1092.43	34.788649674206475
1092.5	5.0
1093.0	5.0
1093.07	31.43536547840288
1093.43	31.43536547840288
1093.5	5.0
1094.0	5.0
1094.07	24.071876390235904
1094.43	24.071876390235904
1094.5	5.0
1095.0	5.0
1095.07	32.85090751910231
1095.43	32.85090751910231
1095.5	5.0
1096.0	5.0
1096.07	22.47027137044486
1096.43	22.47027137044486
1096.5	5.0
1097.0	5.0
1097.07	32.3846869577428
1097.43	32.3846869577428
1097.5	5.0
1098.0	5.0
1098.07	25.407370813546986
1098.43	25.407370813546986
1098.5	5.0
1099.0	5.0
1099.07	26.750807473706978
1099.43	26.750807473706978
1099.5	5.0
1100.0	5.0
1100.07	25.116448214128276
1100.43	25.116448214128276
1100.5	5.0
1101.0	5.0
1101.07	28.515365585163657
1101.43	28.515365585163657
1101.5	5.0
1102.0	5.0
1102.07	21.61178986222827
1102.43	21.61178986222827
1102.5	5.0
1103.0	5.0
1103.07	25.51067498326117
1103.43	25.51067498326117
1103.5	5.0
1104.0	5.0
1104.07	21.776439103905467
1104.43	21.776439103905467
1104.5	5.0
1105.0	5.0
1105.07	28.980787763032605
1105.43	28.980787763032605
1105.5	5.0
1106.0	5.0
1106.07	29.585895241949274
1106.43	29.585895241949274
1106.5	5.0
1107.0	5.0
1107.07	29.127190635643814
1107.43	29.127190635643814
1107.5	5.0
1108.0	5.0
1108.07	24.361058453349173
1108.43	24.361058453349173
1108.5	5.0
1109.0	5.0
1109.07	34.30283320930678
1109.43	34.30283320930678
1109.5	5.0
1110.0	5.0
1110.07	33.438589583952165
1110.43	33.438589583952165
1110.5	5.0
1111.0	5.0
1111.07	21.777507749777236
1111.43	21.777507749777236
1111.5	5.0
1112.0	5.0
1112.07	24.146093085070124
1112.43	24.146093085070124
1112.5	5.0
1113.0	5.0
1113.07	26.487344875144444
1113.43	26.487344875144444
1113.5	5.0
1114.0	5.0
1114.07	27.592672657965736
1114.43	27.592672657965736
1114.5	5.0
1115.0	5.0
1115.07	27.64694823620058
1115.43	27.64694823620058
1115.5	5.0
1116.0	5.0
1116.07	23.910088059518703
1116.43	23.910088059518703
1116.5	5.0
1117.0	5.0
1117.07	27.377108551374196
1117.43	27.377108551374196
1117.5	5.0
1118.0	5.0
1118.07	27.350694166938293
1118.43	27.350694166938293
1118.5	5.0
1119.0	5.0
1119.07	20.217555650689228
1119.43	20.217555650689228
1119.5	5.0
1120.0	5.0
1120.07	33.58008922971903
1120.43	33.58008922971903
1120.5	5.0
1121.0	5.0
1121.07	27.223412450298692
1121.43	27.223412450298692
1121.5	5.0
1122.0	5.0
1122.07	26.3705328715049
1122.43	26.3705328715049
1122.5	5.0
1123.0	5.0
1123.07	21.510770085589023
1123.43	21.510770085589023
1123.5	5.0
1124.0	5.0
1124.07	27.62351920780902
1124.43	27.62351920780902
1124.5	5.0
1125.0	5.0
1125.07	25.02116326083295
1125.43	25.02116326083295
1125.5	5.0
1126.0	5.0
1126.07	32.86446909755387
1126.43	32.86446909755387
1126.5	5.0
1127.0	5.0
1127.07	21.320831630283887
1127.43	21.320831630283887
1127.5	5.0
1128.0	5.0
1128.07	29.368329072977193
1128.43	29.368329072977193
1128.5	5.0
1129.0	5.0
1129.07	33.77589268636441
1129.43	33.77589268636441
1129.5	5.0
1130.0	5.0
1130.07	29.42125813006526
1130.43	29.42125813006526
1130.5	5.0
1131.0	5.0
1131.07	24.913049114898527
1131.43	24.913049114898527
1131.5	5.0
1132.0	5.0
1132.07	29.283117107849822
1132.43	29.283117107849822
1132.5	5.0
1133.0	5.0
1133.07	25.256404894643033
1133.43	25.256404894643033
1133.5	5.0
1134.0	5.0
1134.07	29.867133134993665
1134.43	29.867133134993665
1134.5	5.0
1135.0	5.0
1135.07	29.660775541337557
1135.43	29.660775541337557
1135.5	5.0
1136.0	5.0
1136.07	26.32375554433569
1136.43	26.32375554433569
1136.5	5.0
1137.0	5.0
1137.07	32.29030106530099
1137.43	32.29030106530099
1137.5	5.0
1138.0	5.0
1138.07	26.676253780738367
1138.43	26.676253780738367
1138.5	5.0
1139.0	5.0
1139.07	26.714934327738543
1139.43	26.714934327738543
1139.5	5.0
1140.0	5.0
1140.07	28.05070741718566
1140.43	28.05070741718566
1140.5	5.0
1141.0	5.0
1141.07	30.914631227606698
1141.43	30.914631227606698
1141.5	5.0
1142.0	5.0
1142.07	28.229077215776947
1142.43	28.229077215776947
1142.5	5.0
1143.0	5.0
1143.07	27.06942013252545
1143.43	27.06942013252545
1143.5	5.0
1144.0	5.0
1144.07	22.1800187582241
1144.43	22.1800187582241
1144.5	5.0
1145.0	5.0
1145.07	29.963674228725345
1145.43	29.963674228725345
1145.5	5.0
1146.0	5.0
1146.07	34.94203903712401
1146.43	34.94203903712401
1146.5	5.0
1147.0	5.0
1147.07	25.521353637139583
1147.43	25.521353637139583
1147.5	5.0
1148.0	5.0
1148.07	30.459490988355647
1148.43	30.459490988355647
1148.5	5.0
1149.0	5.0
1149.07	29.40539967787405
1149.43	29.40539967787405
1149.5	5.0
1150.0	5.0
1150.07	28.186412379231157
1150.43	28.186412379231157
1150.5	5.0
1151.0	5.0
1151.07	31.42667771741816
1151.43	31.42667771741816
1151.5	5.0
1152.0	5.0
1152.07	22.506674943412833
1152.43	22.506674943412833
1152.5	5.0
1153.0	5.0
1153.07	22.67216897202163
1153.43	22.67216897202163
1153.5	5.0
1154.0	5.0
1154.07	31.085776713519657
1154.43	31.085776713519657
1154.5	5.0
1155.0	5.0
1155.07	25.39539492169179
1155.43	25.39539492169179
1155.5	5.0
1156.0	5.0
1156.07	34.689271783664
1156.43	34.689271783664
1156.5	5.0
1157.0	5.0
1157.07	31.638242154091998
1157.43	31.638242154091998
1157.5	5.0
1158.0	5.0
1158.07	27.402826875692632
1158.43	27.402826875692632
1158.5	5.0
1159.0	5.0
1159.07	24.71239076612519
1159.43	24.71239076612519
1159.5	5.0
1160.0	5.0
1160.07	21.68594470086771
1160.43	21.68594470086771
1160.5	5.0
1161.0	5.0
1161.07	26.61621156847572
1161.43	26.61621156847572
1161.5	5.0
1162.0	5.0
1162.07	21.362883141097505
1162.43	21.362883141097505
1162.5	5.0
1163.0	5.0
1163.07	21.14435733000918
1163.43	21.14435733000918
1163.5	5.0
1164.0	5.0
1164.07	26.771342545002323
1164.43	26.771342545002323
1164.5	5.0
1165.0	5.0
1165.07	25.53365718920906
1165.43	25.53365718920906
1165.5	5.0
1166.0	5.0
1166.07	26.80739105304798
1166.43	26.80739105304798
1166.5	5.0
1167.0	5.0
1167.07	24.102342278604354
1167.43	24.102342278604354
1167.5	5.0
1168.0	5.0
1168.07	30.87316697546734
1168.43	30.87316697546734
1168.5	5.0
1169.0	5.0
1169.07	23.571222560695077
1169.43	23.571222560695077
1169.5	5.0
1170.0	5.0
1170.07	26.644666012813467
1170.43	26.644666012813467
1170.5	5.0
1171.0	5.0
1171.07	22.923653548858795
1171.43	22.923653548858795
1171.5	5.0
1172.0	5.0
1172.07	21.51998255498914
1172.43	21.51998255498914
1172.5	5.0
1173.0	5.0
1173.07	23.354172840245624
1173.43	23.354172840245624
1173.5	5.0
1174.0	5.0
1174.07	29.58057744323726
1174.43	29.58057744323726
1174.5	5.0
1175.0	5.0
1175.07	30.66051473858056
1175.43	30.66051473858056
1175.5	5.0
1176.0	5.0
1176.07	33.62896736650064
1176.43	33.62896736650064
1176.5	5.0
1177.0	5.0
1177.07	21.075158106034536
1177.43	21.075158106034536
1177.5	5.0
1178.0	5.0
1178.07	22.21841037761854
1178.43	22.21841037761854
1178.5	5.0
1179.0	5.0
1179.07	29.611287316111984
1179.43	29.611287316111984
1179.5	5.0
1180.0	5.0
1180.07	26.235284528194487
1180.43	26.235284528194487
1180.5	5.0
1181.0	5.0
1181.07	33.144161174315116
1181.43	33.144161174315116
1181.5	5.0
1182.0	5.0
1182.07	34.99808498262868
1182.43	34.99808498262868
1182.5	5.0
1183.0	5.0
1183.07	34.965687509425045
1183.43	34.965687509425045
1183.5	5.0
1184.0	5.0
1184.07	21.241671161571624
1184.43	21.241671161571624
1184.5	5.0
1185.0	5.0
1185.07	24.893716451528853
1185.43	24.893716451528853
1185.5	5.0
1186.0	5.0
1186.07	26.754205620454062
1186.43	26.754205620454062
1186.5	5.0
1187.0	5.0
1187.07	31.289114949436943
1187.43	31.289114949436943
1187.5	5.0
1188.0	5.0
1188.07	25.10573839632105
1188.43	25.10573839632105
1188.5	5.0
1189.0	5.0
1189.07	28.158067432677207
1189.43	28.158067432677207
1189.5	5.0
1190.0	5.0
1190.07	23.690437005382822
1190.43	23.690437005382822
1190.5	5.0
1191.0	5.0
1191.07	22.829198681942
1191.43	22.829198681942
1191.5	5.0
1192.0	5.0
1192.07	30.137442115437022
1192.43	30.137442115437022
1192.5	5.0
1193.0	5.0
1193.07	30.646891807364618
1193.43	30.646891807364618
1193.5	5.0
1194.0	5.0
1194.07	30.86829123477719
1194.43	30.86829123477719
1194.5	5.0
1195.0	5.0
1195.07	23.50600875456715
1195.43	23.50600875456715
1195.5	5.0
1196.0	5.0
1196.07	21.016134796451706
1196.43	21.016134796451706
1196.5	5.0
1197.0	5.0
1197.07	23.765862852348572
1197.43	23.765862852348572
1197.5	5.0
1198.0	5.0
1198.07	20.822083800265045
1198.43	20.822083800265045
1198.5	5.0
1199.0	5.0
1199.07	26.67116291741682
1199.43	26.67116291741682
1199.5	5.0
1200.0	5.0
1200.07	29.248012150792555
1200.43	29.248012150792555
1200.5	5.0
1201.0	5.0
1201.07	32.57619961971638
1201.43	32.57619961971638
1201.5	5.0
1202.0	5.0
1202.07	33.10108039125119
1202.43	33.10108039125119
1202.5	5.0
1203.0	5.0
1203.07	24.84849259061344
1203.43	24.84849259061344
1203.5	5.0
1204.0	5.0
1204.07	25.31643894200217
1204.43	25.31643894200217
1204.5	5.0
1205.0	5.0
1205.07	30.904917661134807
1205.43	30.904917661134807
1205.5	5.0
1206.0	5.0
1206.07	21.222577687304142
1206.43	21.222577687304142
1206.5	5.0
1207.0	5.0
1207.07	24.964417773466465
1207.43	24.964417773466465
1207.5	5.0
1208.0	5.0
1208.07	30.347743287246807
1208.43	30.347743287246807
1208.5	5.0
1209.0	5.0
1209.07	33.35068101312622
1209.43	33.35068101312622
1209.5	5.0
1210.0	5.0
1210.07	34.7
1210.43	34.7
1210.5	5.0
1211.0	5.0
1211.07	34.4
1211.43	34.4
1211.5	5.0
1212.0	5.0
1212.07	34.1
1212.43	34.1
1212.5	5.0
1213.0	5.0
1213.07	33.8
1213.43	33.8
1213.5	5.0
1214.0	5.0
1214.07	33.5
1214.43	33.5
1214.5	5.0
1215.0	5.0
1215.07	33.2
1215.43	33.2
1215.5	5.0
1216.0	5.0
1216.07	32.9
1216.43	32.9
1216.5	5.0
1217.0	5.0
1217.07	32.6
1217.43	32.6
1217.5	5.0
1218.0	5.0
1218.07	32.3
1218.43	32.3
1218.5	5.0
1219.0	5.0
1219.07	32.0
1219.43	32.0
1219.5	5.0
1220.0	5.0
1220.07	31.7
1220.43	31.7
1220.5	5.0
1221.0	5.0
1221.07	31.4
1221.43	31.4
1221.5	5.0
1222.0	5.0
1222.07	31.1
1222.43	31.1
1222.5	5.0
1223.0	5.0
1223.07	30.8
1223.43	30.8
1223.5	5.0
1224.0	5.0
1224.07	30.5
1224.43	30.5
1224.5	5.0
1225.0	5.0
1225.07	30.2
1225.43	30.2
1225.5	5.0
1226.0	5.0
1226.07	29.9
1226.43	29.9
1226.5	5.0
1227.0	5.0
1227.07	29.6
1227.43	29.6
1227.5	5.0
1228.0	5.0
1228.07	29.3
1228.43	29.3
1228.5	5.0
1229.0	5.0
1229.07	29.0
1229.43	29.0
1229.5	5.0
1230.0	5.0
1230.07	28.7
1230.43	28.7
1230.5	5.0
1231.0	5.0
1231.07	28.4
1231.43	28.4
1231.5	5.0
1232.0	5.0
1232.07	28.1
1232.43	28.1
1232.5	5.0
1233.0	5.0
1233.07	27.8
1233.43	27.8
1233.5	5.0
1234.0	5.0
1234.07	27.5
1234.43	27.5
1234.5	5.0
1235.0	5.0
1235.07	27.2
1235.43	27.2
1235.5	5.0
1236.0	5.0
1236.07	26.9
1236.43	26.9
1236.5	5.0
1237.0	5.0
1237.07	26.6
1237.43	26.6
1237.5	5.0
1238.0	5.0
1238.07	26.3
1238.43	26.3
1238.5	5.0
1239.0	5.0
1239.07	26.0
1239.43	26.0
1239.5	5.0
1240.0	5.0
1240.07	25.700000000000003
1240.43	25.700000000000003
1240.5	5.0
1241.0	5.0
1241.07	25.4
1241.43	25.4
1241.5	5.0
1242.0	5.0
1242.07	25.1
1242.43	25.1
1242.5	5.0
1243.0	5.0
1243.07	24.8
1243.43	24.8
1243.5	5.0
1244.0	5.0
1244.07	24.5
1244.43	24.5
1244.5	5.0
1245.0	5.0
1245.07	24.200000000000003
1245.43	24.200000000000003
1245.5	5.0
1246.0	5.0
1246.07	23.9
1246.43	23.9
1246.5	5.0
1247.0	5.0
1247.07	23.6
1247.43	23.6
1247.5	5.0
1248.0	5.0
1248.07	23.3
1248.43	23.3
1248.5	5.0
1249.0	5.0
1249.07	23.0
1249.43	23.0
1249.5	5.0
1250.0	5.0
1250.07	22.700000000000003
1250.43	22.700000000000003
1250.5	5.0
1251.0	5.0
1251.07	22.4
1251.43	22.4
1251.5	5.0
1252.0	5.0
1252.07	22.1
1252.43	22.1
1252.5	5.0
1253.0	5.0
1253.07	21.8
1253.43	21.8
1253.5	5.0
1254.0	5.0
1254.07	21.5
1254.43	21.5
1254.5	5.0
1255.0	5.0
1255.07	21.200000000000003
1255.43	21.200000000000003
1255.5	5.0
1256.0	5.0
1256.07	20.9
1256.43	20.9
1256.5	5.0
1257.0	5.0
1257.07	20.6
1257.43	20.6
1257.5	5.0
1258.0	5.0
1258.07	20.3
1258.43	20.3
1258.5	5.0
1259.0	5.0
1259.07	20.0
1259.43	20.0
1259.5	5.0
1260.0	5.0
1260.07	19.700000000000003
1260.43	19.700000000000003
1260.5	5.0
1261.0	5.0
1261.07	19.4
1261.43	19.4
1261.5	5.0
1262.0	5.0
1262.07	19.1
1262.43	19.1
1262.5	5.0
1263.0	5.0
1263.07	18.8
1263.43	18.8
1263.5	5.0
1264.0	5.0
1264.07	18.5
1264.43	18.5
1264.5	5.0
1265.0	5.0
1265.07	18.2
1265.43	18.2
1265.5	5.0
1266.0	5.0
1266.07	17.900000000000002
1266.43	17.900000000000002
1266.5	5.0
1267.0	5.0
1267.07	17.6
1267.43	17.6
1267.5	5.0
1268.0	5.0
1268.07	17.3
1268.43	17.3
1268.5	5.0
1269.0	5.0
1269.07	17.0
1269.43	17.0
1269.5	5.0
1270.0	5.0
1270.07	16.7
1270.43	16.7
1270.5	5.0
1271.0	5.0
1271.07	16.400000000000002
1271.43	16.400000000000002
1271.5	5.0
1272.0	5.0
1272.07	16.1
1272.43	16.1
1272.5	5.0
1273.0	5.0
1273.07	15.8
1273.43	15.8
1273.5	5.0
1274.0	5.0
1274.07	15.5
1274.43	15.5
1274.5	5.0
1275.0	5.0
1275.07	15.2
1275.43	15.2
1275.5	5.0
1276.0	5.0
1276.07	14.900000000000002
1276.43	14.900000000000002
1276.5	5.0
1277.0	5.0
1277.07	14.600000000000001
1277.43	14.600000000000001
1277.5	5.0
1278.0	5.0
1278.07	14.3
1278.43	14.3
1278.5	5.0
1279.0	5.0
1279.07	14.0
1279.43	14.0
1279.5	5.0
1280.0	5.0
1280.07	13.7
1280.43	13.7
1280.5	5.0
1281.0	5.0
1281.07	13.400000000000002
1281.43	13.400000000000002
1281.5	5.0
1282.0	5.0
1282.07	13.100000000000001
1282.43	13.100000000000001
1282.5	5.0
1283.0	5.0
1283.07	12.8
1283.43	12.8
1283.5	5.0
1284.0	5.0
1284.07	12.5
1284.43	12.5
1284.5	5.0
1285.0	5.0
1285.07	12.2
1285.43	12.2
1285.5	5.0
1286.0	5.0
1286.07	11.900000000000002
1286.43	11.900000000000002
1286.5	5.0
1287.0	5.0
1287.07	11.600000000000001
1287.43	11.600000000000001
1287.5	5.0
1288.0	5.0
1288.07	11.3
1288.43	11.3
1288.5	5.0
1289.0	5.0
1289.07	11.0
1289.43	11.0
1289.5	5.0
1290.0	5.0
1290.07	10.7
1290.43	10.7
1290.5	5.0
1291.0	5.0
1291.07	10.400000000000002
1291.43	10.400000000000002
1291.5	5.0
1292.0	5.0
1292.07	10.100000000000001
1292.43	10.100000000000001
1292.5	5.0
1293.0	5.0
1293.07	9.8
1293.43	9.8
1293.5	5.0
1294.0	5.0
1294.07	9.5
1294.43	9.5
1294.5	5.0
1295.0	5.0
1295.07	9.2
1295.43	9.2
1295.5	5.0
1296.0	5.0
1296.07	8.900000000000002
1296.43	8.900000000000002
1296.5	5.0
1297.0	5.0
1297.07	8.600000000000001
1297.43	8.600000000000001
1297.5	5.0
1298.0	5.0
1298.07	8.3
1298.43	8.3
1298.5	5.0
1299.0	5.0
1299.07	8.0
1299.43	8.0
1299.5	5.0
1300.0	5.0
1300.07	7.699999999999999
1300.43	7.699999999999999
1300.5	5.0
1301.0	5.0
1301.07	7.400000000000002
1301.43	7.400000000000002
1301.5	5.0
1302.0	5.0
1302.07	7.100000000000001
1302.43	7.100000000000001
1302.5	5.0
1303.0	5.0
1303.07	6.800000000000001
1303.43	6.800000000000001
1303.5	5.0
1304.0	5.0
1304.07	6.5
1304.43	6.5
1304.5	5.0
1305.0	5.0
1305.07	6.200000000000003
1305.43	6.200000000000003
1305.5	5.0
1306.0	5.0
1306.07	5.900000000000002
1306.43	5.900000000000002
1306.5	5.0
1307.0	5.0
1307.07	5.600000000000001
1307.43	5.600000000000001
1307.5	5.0
1308.0	5.0
1308.07	5.300000000000001
1308.43	5.300000000000001
1308.5	5.0
1309.0	5.0
1309.07	5.0
1309.43	5.0
1309.5	5.0
1310.0	5.0
