BEGIN  TIMEDATA
# T ( NSEC  V  R 50 )
%   time      voltage
0	0
0.07	5.0
0.43	5.0
0.5	5.0
1.0	5.0
1.07	5.0
1.43	5.0
1.5	5.0
2.0	5.0
2.07	5.0
2.43	5.0
2.5	5.0
3.0	5.0
3.07	5.0
3.43	5.0
3.5	5.0
4.0	5.0
4.07	5.0
4.43	5.0
4.5	5.0
5.0	5.0
5.07	5.0
5.43	5.0
5.5	5.0
6.0	5.0
6.07	5.0
6.43	5.0
6.5	5.0
7.0	5.0
7.07	5.0
7.43	5.0
7.5	5.0
8.0	5.0
8.07	5.0
8.43	5.0
8.5	5.0
9.0	5.0
9.07	5.0
9.43	5.0
9.5	5.0
10.0	5.0
10.07	6.0
10.43	6.0
10.5	5.0
11.0	5.0
11.07	7.0
11.43	7.0
11.5	5.0
12.0	5.0
12.07	8.0
12.43	8.0
12.5	5.0
13.0	5.0
13.07	9.0
13.43	9.0
13.5	5.0
14.0	5.0
14.07	10.0
14.43	10.0
14.5	5.0
15.0	5.0
15.07	11.0
15.43	11.0
15.5	5.0
16.0	5.0
16.07	12.0
16.43	12.0
16.5	5.0
17.0	5.0
17.07	13.0
17.43	13.0
17.5	5.0
18.0	5.0
18.07	14.0
18.43	14.0
18.5	5.0
19.0	5.0
19.07	15.0
19.43	15.0
19.5	5.0
20.0	5.0
20.07	16.0
20.43	16.0
20.5	5.0
21.0	5.0
21.07	17.0
21.43	17.0
21.5	5.0
22.0	5.0
22.07	18.0
22.43	18.0
22.5	5.0
23.0	5.0
23.07	19.0
23.43	19.0
23.5	5.0
24.0	5.0
24.07	20.0
24.43	20.0
24.5	5.0
25.0	5.0
25.07	21.0
25.43	21.0
25.5	5.0
26.0	5.0
26.07	22.0
26.43	22.0
26.5	5.0
27.0	5.0
27.07	23.0
27.43	23.0
27.5	5.0
28.0	5.0
28.07	24.0
28.43	24.0
28.5	5.0
29.0	5.0
29.07	25.0
29.43	25.0
29.5	5.0
30.0	5.0
30.07	26.0
30.43	26.0
30.5	5.0
31.0	5.0
31.07	27.0
31.43	27.0
31.5	5.0
32.0	5.0
32.07	28.0
32.43	28.0
32.5	5.0
33.0	5.0
33.07	29.0
33.43	29.0
33.5	5.0
34.0	5.0
34.07	30.0
34.43	30.0
34.5	5.0
35.0	5.0
35.07	31.0
35.43	31.0
35.5	5.0
36.0	5.0
36.07	32.0
36.43	32.0
36.5	5.0
37.0	5.0
37.07	33.0
37.43	33.0
37.5	5.0
38.0	5.0
38.07	34.0
38.43	34.0
38.5	5.0
39.0	5.0
39.07	35.0
39.43	35.0
39.5	5.0
40.0	5.0
40.07	36.0
40.43	36.0
40.5	5.0
41.0	5.0
41.07	37.0
41.43	37.0
41.5	5.0
42.0	5.0
42.07	38.0
42.43	38.0
42.5	5.0
43.0	5.0
43.07	39.0
43.43	39.0
43.5	5.0
44.0	5.0
44.07	40.0
44.43	40.0
44.5	5.0
45.0	5.0
45.07	41.0
45.43	41.0
45.5	5.0
46.0	5.0
46.07	42.0
46.43	42.0
46.5	5.0
47.0	5.0
47.07	43.0
47.43	43.0
47.5	5.0
48.0	5.0
48.07	44.0
48.43	44.0
48.5	5.0
49.0	5.0
49.07	45.0
49.43	45.0
49.5	5.0
50.0	5.0
50.07	46.0
50.43	46.0
50.5	5.0
51.0	5.0
51.07	47.0
51.43	47.0
51.5	5.0
52.0	5.0
52.07	48.0
52.43	48.0
52.5	5.0
53.0	5.0
53.07	49.0
53.43	49.0
53.5	5.0
54.0	5.0
54.07	50.0
54.43	50.0
54.5	5.0
55.0	5.0
55.07	51.0
55.43	51.0
55.5	5.0
56.0	5.0
56.07	52.0
56.43	52.0
56.5	5.0
57.0	5.0
57.07	53.0
57.43	53.0
57.5	5.0
58.0	5.0
58.07	54.0
58.43	54.0
58.5	5.0
59.0	5.0
59.07	55.0
59.43	55.0
59.5	5.0
60.0	5.0
60.07	56.0
60.43	56.0
60.5	5.0
61.0	5.0
61.07	57.0
61.43	57.0
61.5	5.0
62.0	5.0
62.07	58.0
62.43	58.0
62.5	5.0
63.0	5.0
63.07	59.0
63.43	59.0
63.5	5.0
64.0	5.0
64.07	60.0
64.43	60.0
64.5	5.0
65.0	5.0
65.07	61.0
65.43	61.0
65.5	5.0
66.0	5.0
66.07	62.0
66.43	62.0
66.5	5.0
67.0	5.0
67.07	63.0
67.43	63.0
67.5	5.0
68.0	5.0
68.07	64.0
68.43	64.0
68.5	5.0
69.0	5.0
69.07	65.0
69.43	65.0
69.5	5.0
70.0	5.0
70.07	66.0
70.43	66.0
70.5	5.0
71.0	5.0
71.07	67.0
71.43	67.0
71.5	5.0
72.0	5.0
72.07	68.0
72.43	68.0
72.5	5.0
73.0	5.0
73.07	69.0
73.43	69.0
73.5	5.0
74.0	5.0
74.07	70.0
74.43	70.0
74.5	5.0
75.0	5.0
75.07	71.0
75.43	71.0
75.5	5.0
76.0	5.0
76.07	72.0
76.43	72.0
76.5	5.0
77.0	5.0
77.07	73.0
77.43	73.0
77.5	5.0
78.0	5.0
78.07	74.0
78.43	74.0
78.5	5.0
79.0	5.0
79.07	75.0
79.43	75.0
79.5	5.0
80.0	5.0
80.07	76.0
80.43	76.0
80.5	5.0
81.0	5.0
81.07	77.0
81.43	77.0
81.5	5.0
82.0	5.0
82.07	78.0
82.43	78.0
82.5	5.0
83.0	5.0
83.07	79.0
83.43	79.0
83.5	5.0
84.0	5.0
84.07	80.0
84.43	80.0
84.5	5.0
85.0	5.0
85.07	81.0
85.43	81.0
85.5	5.0
86.0	5.0
86.07	82.0
86.43	82.0
86.5	5.0
87.0	5.0
87.07	83.0
87.43	83.0
87.5	5.0
88.0	5.0
88.07	84.0
88.43	84.0
88.5	5.0
89.0	5.0
89.07	85.0
89.43	85.0
89.5	5.0
90.0	5.0
90.07	86.0
90.43	86.0
90.5	5.0
91.0	5.0
91.07	87.0
91.43	87.0
91.5	5.0
92.0	5.0
92.07	88.0
92.43	88.0
92.5	5.0
93.0	5.0
93.07	89.0
93.43	89.0
93.5	5.0
94.0	5.0
94.07	90.0
94.43	90.0
94.5	5.0
95.0	5.0
95.07	91.0
95.43	91.0
95.5	5.0
96.0	5.0
96.07	92.0
96.43	92.0
96.5	5.0
97.0	5.0
97.07	93.0
97.43	93.0
97.5	5.0
98.0	5.0
98.07	94.0
98.43	94.0
98.5	5.0
99.0	5.0
99.07	95.0
99.43	95.0
99.5	5.0
100.0	5.0
100.07	96.0
100.43	96.0
100.5	5.0
101.0	5.0
101.07	97.0
101.43	97.0
101.5	5.0
102.0	5.0
102.07	98.0
102.43	98.0
102.5	5.0
103.0	5.0
103.07	99.0
103.43	99.0
103.5	5.0
104.0	5.0
104.07	100.0
104.43	100.0
104.5	5.0
105.0	5.0
105.07	101.0
105.43	101.0
105.5	5.0
106.0	5.0
106.07	102.0
106.43	102.0
106.5	5.0
107.0	5.0
107.07	103.0
107.43	103.0
107.5	5.0
108.0	5.0
108.07	104.0
108.43	104.0
108.5	5.0
109.0	5.0
109.07	105.0
109.43	105.0
109.5	5.0
110.0	5.0
110.07	99.66666666666667
110.43	99.66666666666667
110.5	5.0
111.0	5.0
111.07	99.33333333333333
111.43	99.33333333333333
111.5	5.0
112.0	5.0
112.07	99.0
112.43	99.0
112.5	5.0
113.0	5.0
113.07	98.66666666666667
113.43	98.66666666666667
113.5	5.0
114.0	5.0
114.07	98.33333333333333
114.43	98.33333333333333
114.5	5.0
115.0	5.0
115.07	98.0
115.43	98.0
115.5	5.0
116.0	5.0
116.07	97.66666666666667
116.43	97.66666666666667
116.5	5.0
117.0	5.0
117.07	97.33333333333333
117.43	97.33333333333333
117.5	5.0
118.0	5.0
118.07	97.0
118.43	97.0
118.5	5.0
119.0	5.0
119.07	96.66666666666667
119.43	96.66666666666667
119.5	5.0
120.0	5.0
120.07	96.33333333333333
120.43	96.33333333333333
120.5	5.0
121.0	5.0
121.07	96.0
121.43	96.0
121.5	5.0
122.0	5.0
122.07	95.66666666666667
122.43	95.66666666666667
122.5	5.0
123.0	5.0
123.07	95.33333333333333
123.43	95.33333333333333
123.5	5.0
124.0	5.0
124.07	95.0
124.43	95.0
124.5	5.0
125.0	5.0
125.07	94.66666666666667
125.43	94.66666666666667
125.5	5.0
126.0	5.0
126.07	94.33333333333333
126.43	94.33333333333333
126.5	5.0
127.0	5.0
127.07	94.0
127.43	94.0
127.5	5.0
128.0	5.0
128.07	93.66666666666667
128.43	93.66666666666667
128.5	5.0
129.0	5.0
129.07	93.33333333333333
129.43	93.33333333333333
129.5	5.0
130.0	5.0
130.07	93.0
130.43	93.0
130.5	5.0
131.0	5.0
131.07	92.66666666666667
131.43	92.66666666666667
131.5	5.0
132.0	5.0
132.07	92.33333333333333
132.43	92.33333333333333
132.5	5.0
133.0	5.0
133.07	92.0
133.43	92.0
133.5	5.0
134.0	5.0
134.07	91.66666666666667
134.43	91.66666666666667
134.5	5.0
135.0	5.0
135.07	91.33333333333333
135.43	91.33333333333333
135.5	5.0
136.0	5.0
136.07	91.0
136.43	91.0
136.5	5.0
137.0	5.0
137.07	90.66666666666667
137.43	90.66666666666667
137.5	5.0
138.0	5.0
138.07	90.33333333333333
138.43	90.33333333333333
138.5	5.0
139.0	5.0
139.07	90.0
139.43	90.0
139.5	5.0
140.0	5.0
140.07	89.66666666666667
140.43	89.66666666666667
140.5	5.0
141.0	5.0
141.07	89.33333333333333
141.43	89.33333333333333
141.5	5.0
142.0	5.0
142.07	89.0
142.43	89.0
142.5	5.0
143.0	5.0
143.07	88.66666666666667
143.43	88.66666666666667
143.5	5.0
144.0	5.0
144.07	88.33333333333333
144.43	88.33333333333333
144.5	5.0
145.0	5.0
145.07	88.0
145.43	88.0
145.5	5.0
146.0	5.0
146.07	87.66666666666667
146.43	87.66666666666667
146.5	5.0
147.0	5.0
147.07	87.33333333333333
147.43	87.33333333333333
147.5	5.0
148.0	5.0
148.07	87.0
148.43	87.0
148.5	5.0
149.0	5.0
149.07	86.66666666666667
149.43	86.66666666666667
149.5	5.0
150.0	5.0
150.07	86.33333333333333
150.43	86.33333333333333
150.5	5.0
151.0	5.0
151.07	86.0
151.43	86.0
151.5	5.0
152.0	5.0
152.07	85.66666666666667
152.43	85.66666666666667
152.5	5.0
153.0	5.0
153.07	85.33333333333333
153.43	85.33333333333333
153.5	5.0
154.0	5.0
154.07	85.0
154.43	85.0
154.5	5.0
155.0	5.0
155.07	84.66666666666667
155.43	84.66666666666667
155.5	5.0
156.0	5.0
156.07	84.33333333333333
156.43	84.33333333333333
156.5	5.0
157.0	5.0
157.07	84.0
157.43	84.0
157.5	5.0
158.0	5.0
158.07	83.66666666666667
158.43	83.66666666666667
158.5	5.0
159.0	5.0
159.07	83.33333333333334
159.43	83.33333333333334
159.5	5.0
160.0	5.0
160.07	83.0
160.43	83.0
160.5	5.0
161.0	5.0
161.07	82.66666666666667
161.43	82.66666666666667
161.5	5.0
162.0	5.0
162.07	82.33333333333334
162.43	82.33333333333334
162.5	5.0
163.0	5.0
163.07	82.0
163.43	82.0
163.5	5.0
164.0	5.0
164.07	81.66666666666667
164.43	81.66666666666667
164.5	5.0
165.0	5.0
165.07	81.33333333333334
165.43	81.33333333333334
165.5	5.0
166.0	5.0
166.07	81.0
166.43	81.0
166.5	5.0
167.0	5.0
167.07	80.66666666666667
167.43	80.66666666666667
167.5	5.0
168.0	5.0
168.07	80.33333333333334
168.43	80.33333333333334
168.5	5.0
169.0	5.0
169.07	80.0
169.43	80.0
169.5	5.0
170.0	5.0
170.07	79.66666666666667
170.43	79.66666666666667
170.5	5.0
171.0	5.0
171.07	79.33333333333334
171.43	79.33333333333334
171.5	5.0
172.0	5.0
172.07	79.0
172.43	79.0
172.5	5.0
173.0	5.0
173.07	78.66666666666667
173.43	78.66666666666667
173.5	5.0
174.0	5.0
174.07	78.33333333333334
174.43	78.33333333333334
174.5	5.0
175.0	5.0
175.07	78.0
175.43	78.0
175.5	5.0
176.0	5.0
176.07	77.66666666666667
176.43	77.66666666666667
176.5	5.0
177.0	5.0
177.07	77.33333333333334
177.43	77.33333333333334
177.5	5.0
178.0	5.0
178.07	77.0
178.43	77.0
178.5	5.0
179.0	5.0
179.07	76.66666666666667
179.43	76.66666666666667
179.5	5.0
180.0	5.0
180.07	76.33333333333334
180.43	76.33333333333334
180.5	5.0
181.0	5.0
181.07	76.0
181.43	76.0
181.5	5.0
182.0	5.0
182.07	75.66666666666667
182.43	75.66666666666667
182.5	5.0
183.0	5.0
183.07	75.33333333333334
183.43	75.33333333333334
183.5	5.0
184.0	5.0
184.07	75.0
184.43	75.0
184.5	5.0
185.0	5.0
185.07	74.66666666666667
185.43	74.66666666666667
185.5	5.0
186.0	5.0
186.07	74.33333333333334
186.43	74.33333333333334
186.5	5.0
187.0	5.0
187.07	74.0
187.43	74.0
187.5	5.0
188.0	5.0
188.07	73.66666666666667
188.43	73.66666666666667
188.5	5.0
189.0	5.0
189.07	73.33333333333334
189.43	73.33333333333334
189.5	5.0
190.0	5.0
190.07	73.0
190.43	73.0
190.5	5.0
191.0	5.0
191.07	72.66666666666667
191.43	72.66666666666667
191.5	5.0
192.0	5.0
192.07	72.33333333333334
192.43	72.33333333333334
192.5	5.0
193.0	5.0
193.07	72.0
193.43	72.0
193.5	5.0
194.0	5.0
194.07	71.66666666666667
194.43	71.66666666666667
194.5	5.0
195.0	5.0
195.07	71.33333333333334
195.43	71.33333333333334
195.5	5.0
196.0	5.0
196.07	71.0
196.43	71.0
196.5	5.0
197.0	5.0
197.07	70.66666666666667
197.43	70.66666666666667
197.5	5.0
198.0	5.0
198.07	70.33333333333334
198.43	70.33333333333334
198.5	5.0
199.0	5.0
199.07	70.0
199.43	70.0
199.5	5.0
200.0	5.0
200.07	69.66666666666667
200.43	69.66666666666667
200.5	5.0
201.0	5.0
201.07	69.33333333333334
201.43	69.33333333333334
201.5	5.0
202.0	5.0
202.07	69.0
202.43	69.0
202.5	5.0
203.0	5.0
203.07	68.66666666666667
203.43	68.66666666666667
203.5	5.0
204.0	5.0
204.07	68.33333333333334
204.43	68.33333333333334
204.5	5.0
205.0	5.0
205.07	68.0
205.43	68.0
205.5	5.0
206.0	5.0
206.07	67.66666666666667
206.43	67.66666666666667
206.5	5.0
207.0	5.0
207.07	67.33333333333334
207.43	67.33333333333334
207.5	5.0
208.0	5.0
208.07	67.0
208.43	67.0
208.5	5.0
209.0	5.0
209.07	66.66666666666667
209.43	66.66666666666667
209.5	5.0
210.0	5.0
210.07	66.33333333333334
210.43	66.33333333333334
210.5	5.0
211.0	5.0
211.07	66.0
211.43	66.0
211.5	5.0
212.0	5.0
212.07	65.66666666666667
212.43	65.66666666666667
212.5	5.0
213.0	5.0
213.07	65.33333333333334
213.43	65.33333333333334
213.5	5.0
214.0	5.0
214.07	65.0
214.43	65.0
214.5	5.0
215.0	5.0
215.07	64.66666666666667
215.43	64.66666666666667
215.5	5.0
216.0	5.0
216.07	64.33333333333334
216.43	64.33333333333334
216.5	5.0
217.0	5.0
217.07	64.0
217.43	64.0
217.5	5.0
218.0	5.0
218.07	63.66666666666667
218.43	63.66666666666667
218.5	5.0
219.0	5.0
219.07	63.333333333333336
219.43	63.333333333333336
219.5	5.0
220.0	5.0
220.07	63.0
220.43	63.0
220.5	5.0
221.0	5.0
221.07	62.66666666666667
221.43	62.66666666666667
221.5	5.0
222.0	5.0
222.07	62.333333333333336
222.43	62.333333333333336
222.5	5.0
223.0	5.0
223.07	62.0
223.43	62.0
223.5	5.0
224.0	5.0
224.07	61.66666666666667
224.43	61.66666666666667
224.5	5.0
225.0	5.0
225.07	61.333333333333336
225.43	61.333333333333336
225.5	5.0
226.0	5.0
226.07	61.0
226.43	61.0
226.5	5.0
227.0	5.0
227.07	60.66666666666667
227.43	60.66666666666667
227.5	5.0
228.0	5.0
228.07	60.333333333333336
228.43	60.333333333333336
228.5	5.0
229.0	5.0
229.07	60.0
229.43	60.0
229.5	5.0
230.0	5.0
230.07	59.66666666666667
230.43	59.66666666666667
230.5	5.0
231.0	5.0
231.07	59.333333333333336
231.43	59.333333333333336
231.5	5.0
232.0	5.0
232.07	59.0
232.43	59.0
232.5	5.0
233.0	5.0
233.07	58.66666666666667
233.43	58.66666666666667
233.5	5.0
234.0	5.0
234.07	58.333333333333336
234.43	58.333333333333336
234.5	5.0
235.0	5.0
235.07	58.0
235.43	58.0
235.5	5.0
236.0	5.0
236.07	57.66666666666667
236.43	57.66666666666667
236.5	5.0
237.0	5.0
237.07	57.333333333333336
237.43	57.333333333333336
237.5	5.0
238.0	5.0
238.07	57.0
238.43	57.0
238.5	5.0
239.0	5.0
239.07	56.66666666666667
239.43	56.66666666666667
239.5	5.0
240.0	5.0
240.07	56.333333333333336
240.43	56.333333333333336
240.5	5.0
241.0	5.0
241.07	56.0
241.43	56.0
241.5	5.0
242.0	5.0
242.07	55.66666666666667
242.43	55.66666666666667
242.5	5.0
243.0	5.0
243.07	55.333333333333336
243.43	55.333333333333336
243.5	5.0
244.0	5.0
244.07	55.0
244.43	55.0
244.5	5.0
245.0	5.0
245.07	54.66666666666667
245.43	54.66666666666667
245.5	5.0
246.0	5.0
246.07	54.333333333333336
246.43	54.333333333333336
246.5	5.0
247.0	5.0
247.07	54.0
247.43	54.0
247.5	5.0
248.0	5.0
248.07	53.66666666666667
248.43	53.66666666666667
248.5	5.0
249.0	5.0
249.07	53.333333333333336
249.43	53.333333333333336
249.5	5.0
250.0	5.0
250.07	53.0
250.43	53.0
250.5	5.0
251.0	5.0
251.07	52.66666666666667
251.43	52.66666666666667
251.5	5.0
252.0	5.0
252.07	52.333333333333336
252.43	52.333333333333336
252.5	5.0
253.0	5.0
253.07	52.0
253.43	52.0
253.5	5.0
254.0	5.0
254.07	51.66666666666667
254.43	51.66666666666667
254.5	5.0
255.0	5.0
255.07	51.333333333333336
255.43	51.333333333333336
255.5	5.0
256.0	5.0
256.07	51.0
256.43	51.0
256.5	5.0
257.0	5.0
257.07	50.66666666666667
257.43	50.66666666666667
257.5	5.0
258.0	5.0
258.07	50.333333333333336
258.43	50.333333333333336
258.5	5.0
259.0	5.0
259.07	50.0
259.43	50.0
259.5	5.0
260.0	5.0
260.07	43.64097849250916
260.43	43.64097849250916
260.5	5.0
261.0	5.0
261.07	55.549679585137824
261.43	55.549679585137824
261.5	5.0
262.0	5.0
262.07	56.69191979062632
262.43	56.69191979062632
262.5	5.0
263.0	5.0
263.07	48.28093901258342
263.43	48.28093901258342
263.5	5.0
264.0	5.0
264.07	68.32639557786119
264.43	68.32639557786119
264.5	5.0
265.0	5.0
265.07	56.64094722586465
265.43	56.64094722586465
265.5	5.0
266.0	5.0
266.07	60.4449861904807
266.43	60.4449861904807
266.5	5.0
267.0	5.0
267.07	51.18812342665858
267.43	51.18812342665858
267.5	5.0
268.0	5.0
268.07	68.66800139824747
268.43	68.66800139824747
268.5	5.0
269.0	5.0
269.07	63.82430060007803
269.43	63.82430060007803
269.5	5.0
270.0	5.0
270.07	49.955688604473586
270.43	49.955688604473586
270.5	5.0
271.0	5.0
271.07	48.98052468930054
271.43	48.98052468930054
271.5	5.0
272.0	5.0
272.07	43.41821594145878
272.43	43.41821594145878
272.5	5.0
273.0	5.0
273.07	68.49839006773999
273.43	68.49839006773999
273.5	5.0
274.0	5.0
274.07	57.804383719943104
274.43	57.804383719943104
274.5	5.0
275.0	5.0
275.07	52.59202471158613
275.43	52.59202471158613
275.5	5.0
276.0	5.0
276.07	59.84478384788734
276.43	59.84478384788734
276.5	5.0
277.0	5.0
277.07	58.84963323408887
277.43	58.84963323408887
277.5	5.0
278.0	5.0
278.07	69.52893815358074
278.43	69.52893815358074
278.5	5.0
279.0	5.0
279.07	68.74857542086644
279.43	68.74857542086644
279.5	5.0
280.0	5.0
280.07	67.2249090261969
280.43	67.2249090261969
280.5	5.0
281.0	5.0
281.07	54.626232258908104
281.43	54.626232258908104
281.5	5.0
282.0	5.0
282.07	44.365913855020196
282.43	44.365913855020196
282.5	5.0
283.0	5.0
283.07	51.799919227159876
283.43	51.799919227159876
283.5	5.0
284.0	5.0
284.07	49.39633110503761
284.43	49.39633110503761
284.5	5.0
285.0	5.0
285.07	58.642691217014786
285.43	58.642691217014786
285.5	5.0
286.0	5.0
286.07	54.35101306698525
286.43	54.35101306698525
286.5	5.0
287.0	5.0
287.07	61.76176891282374
287.43	61.76176891282374
287.5	5.0
288.0	5.0
288.07	59.876241363632175
288.43	59.876241363632175
288.5	5.0
289.0	5.0
289.07	68.11645179429536
289.43	68.11645179429536
289.5	5.0
290.0	5.0
290.07	48.90649010162353
290.43	48.90649010162353
290.5	5.0
291.0	5.0
291.07	46.22767900535658
291.43	46.22767900535658
291.5	5.0
292.0	5.0
292.07	53.91266542947528
292.43	53.91266542947528
292.5	5.0
293.0	5.0
293.07	63.89727579745865
293.43	63.89727579745865
293.5	5.0
294.0	5.0
294.07	61.29565110459794
294.43	61.29565110459794
294.5	5.0
295.0	5.0
295.07	50.906572276477476
295.43	50.906572276477476
295.5	5.0
296.0	5.0
296.07	52.981601997089186
296.43	52.981601997089186
296.5	5.0
297.0	5.0
297.07	49.48600867606243
297.43	49.48600867606243
297.5	5.0
298.0	5.0
298.07	64.95435515379641
298.43	64.95435515379641
298.5	5.0
299.0	5.0
299.07	53.96067205014916
299.43	53.96067205014916
299.5	5.0
300.0	5.0
300.07	40.54826209615961
300.43	40.54826209615961
300.5	5.0
301.0	5.0
301.07	67.6571878399767
301.43	67.6571878399767
301.5	5.0
302.0	5.0
302.07	50.61304249140148
302.43	50.61304249140148
302.5	5.0
303.0	5.0
303.07	63.53013716575312
303.43	63.53013716575312
303.5	5.0
304.0	5.0
304.07	54.485890766598416
304.43	54.485890766598416
304.5	5.0
305.0	5.0
305.07	42.02250104580132
305.43	42.02250104580132
305.5	5.0
306.0	5.0
306.07	58.30488307998499
306.43	58.30488307998499
306.5	5.0
307.0	5.0
307.07	57.49055532826955
307.43	57.49055532826955
307.5	5.0
308.0	5.0
308.07	49.17854994070575
308.43	49.17854994070575
308.5	5.0
309.0	5.0
309.07	52.82527920276392
309.43	52.82527920276392
309.5	5.0
310.0	5.0
310.07	62.64914383805505
310.43	62.64914383805505
310.5	5.0
311.0	5.0
311.07	46.577196086048644
311.43	46.577196086048644
311.5	5.0
312.0	5.0
312.07	52.40460919040163
312.43	52.40460919040163
312.5	5.0
313.0	5.0
313.07	65.58318522724606
313.43	65.58318522724606
313.5	5.0
314.0	5.0
314.07	42.10700292435135
314.43	42.10700292435135
314.5	5.0
315.0	5.0
315.07	42.64011272910678
315.43	42.64011272910678
315.5	5.0
316.0	5.0
316.07	67.53232037381511
316.43	67.53232037381511
316.5	5.0
317.0	5.0
317.07	50.28780715579887
317.43	50.28780715579887
317.5	5.0
318.0	5.0
318.07	43.52493344891387
318.43	43.52493344891387
318.5	5.0
319.0	5.0
319.07	47.56690666215519
319.43	47.56690666215519
319.5	5.0
320.0	5.0
320.07	41.163685737024075
320.43	41.163685737024075
320.5	5.0
321.0	5.0
321.07	64.49251546449032
321.43	64.49251546449032
321.5	5.0
322.0	5.0
322.07	59.35966185211396
322.43	59.35966185211396
322.5	5.0
323.0	5.0
323.07	68.4658629120308
323.43	68.4658629120308
323.5	5.0
324.0	5.0
324.07	47.4019654935384
324.43	47.4019654935384
324.5	5.0
325.0	5.0
325.07	65.32264672338572
325.43	65.32264672338572
325.5	5.0
326.0	5.0
326.07	61.82495477744388
326.43	61.82495477744388
326.5	5.0
327.0	5.0
327.07	42.1016570782533
327.43	42.1016570782533
327.5	5.0
328.0	5.0
328.07	45.40312942682962
328.43	45.40312942682962
328.5	5.0
329.0	5.0
329.07	58.23384738742176
329.43	58.23384738742176
329.5	5.0
330.0	5.0
330.07	55.327333071107546
330.43	55.327333071107546
330.5	5.0
331.0	5.0
331.07	57.53937951611077
331.43	57.53937951611077
331.5	5.0
332.0	5.0
332.07	54.91467829425327
332.43	54.91467829425327
332.5	5.0
333.0	5.0
333.07	53.49785377579126
333.43	53.49785377579126
333.5	5.0
334.0	5.0
334.07	57.02343127903359
334.43	57.02343127903359
334.5	5.0
335.0	5.0
335.07	44.31548743748934
335.43	44.31548743748934
335.5	5.0
336.0	5.0
336.07	58.15859663425791
336.43	58.15859663425791
336.5	5.0
337.0	5.0
337.07	42.25254527101418
337.43	42.25254527101418
337.5	5.0
338.0	5.0
338.07	58.27597648853825
338.43	58.27597648853825
338.5	5.0
339.0	5.0
339.07	61.21574771715876
339.43	61.21574771715876
339.5	5.0
340.0	5.0
340.07	66.33002154850298
340.43	66.33002154850298
340.5	5.0
341.0	5.0
341.07	60.317425828984
341.43	60.317425828984
341.5	5.0
342.0	5.0
342.07	49.309700276522605
342.43	49.309700276522605
342.5	5.0
343.0	5.0
343.07	64.89893040539407
343.43	64.89893040539407
343.5	5.0
344.0	5.0
344.07	61.84190512175952
344.43	61.84190512175952
344.5	5.0
345.0	5.0
345.07	54.77525994046819
345.43	54.77525994046819
345.5	5.0
346.0	5.0
346.07	44.66082538383974
346.43	44.66082538383974
346.5	5.0
347.0	5.0
347.07	61.38561271394679
347.43	61.38561271394679
347.5	5.0
348.0	5.0
348.07	66.62299158982125
348.43	66.62299158982125
348.5	5.0
349.0	5.0
349.07	66.29775786551926
349.43	66.29775786551926
349.5	5.0
350.0	5.0
350.07	46.659616608975476
350.43	46.659616608975476
350.5	5.0
351.0	5.0
351.07	67.20676797606806
351.43	67.20676797606806
351.5	5.0
352.0	5.0
352.07	62.44029631333139
352.43	62.44029631333139
352.5	5.0
353.0	5.0
353.07	42.933332509466496
353.43	42.933332509466496
353.5	5.0
354.0	5.0
354.07	56.733286490636445
354.43	56.733286490636445
354.5	5.0
355.0	5.0
355.07	49.77374837180541
355.43	49.77374837180541
355.5	5.0
356.0	5.0
356.07	47.63235440896032
356.43	47.63235440896032
356.5	5.0
357.0	5.0
357.07	40.150690433133704
357.43	40.150690433133704
357.5	5.0
358.0	5.0
358.07	69.10098282793649
358.43	69.10098282793649
358.5	5.0
359.0	5.0
359.07	60.32156222079942
359.43	60.32156222079942
359.5	5.0
360.0	5.0
360.07	58.27938894154869
360.43	58.27938894154869
360.5	5.0
361.0	5.0
361.07	60.28834163636553
361.43	60.28834163636553
361.5	5.0
362.0	5.0
362.07	59.995023251824804
362.43	59.995023251824804
362.5	5.0
363.0	5.0
363.07	54.0648339894973
363.43	54.0648339894973
363.5	5.0
364.0	5.0
364.07	52.54401818396451
364.43	52.54401818396451
364.5	5.0
365.0	5.0
365.07	43.62220087718354
365.43	43.62220087718354
365.5	5.0
366.0	5.0
366.07	42.63109591141177
366.43	42.63109591141177
366.5	5.0
367.0	5.0
367.07	44.32842128631147
367.43	44.32842128631147
367.5	5.0
368.0	5.0
368.07	65.29534547986819
368.43	65.29534547986819
368.5	5.0
369.0	5.0
369.07	40.03211696319213
369.43	40.03211696319213
369.5	5.0
370.0	5.0
370.07	42.62434157058924
370.43	42.62434157058924
370.5	5.0
371.0	5.0
371.07	56.19682545433111
371.43	56.19682545433111
371.5	5.0
372.0	5.0
372.07	66.64224837049409
372.43	66.64224837049409
372.5	5.0
373.0	5.0
373.07	59.3708717933455
373.43	59.3708717933455
373.5	5.0
374.0	5.0
374.07	52.2530853857879
374.43	52.2530853857879
374.5	5.0
375.0	5.0
375.07	51.848418756457406
375.43	51.848418756457406
375.5	5.0
376.0	5.0
376.07	52.36214630691197
376.43	52.36214630691197
376.5	5.0
377.0	5.0
377.07	54.01863412383403
377.43	54.01863412383403
377.5	5.0
378.0	5.0
378.07	64.90624226421069
378.43	64.90624226421069
378.5	5.0
379.0	5.0
379.07	45.74268761371108
379.43	45.74268761371108
379.5	5.0
380.0	5.0
380.07	42.42673233115595
380.43	42.42673233115595
380.5	5.0
381.0	5.0
381.07	43.57133048532672
381.43	43.57133048532672
381.5	5.0
382.0	5.0
382.07	63.83098532172204
382.43	63.83098532172204
382.5	5.0
383.0	5.0
383.07	64.81449023524377
383.43	64.81449023524377
383.5	5.0
384.0	5.0
384.07	69.3888614274803
384.43	69.3888614274803
384.5	5.0
385.0	5.0
385.07	69.00223516863106
385.43	69.00223516863106
385.5	5.0
386.0	5.0
386.07	51.82143906649327
386.43	51.82143906649327
386.5	5.0
387.0	5.0
387.07	62.307226585822264
387.43	62.307226585822264
387.5	5.0
388.0	5.0
388.07	44.394419250386264
388.43	44.394419250386264
388.5	5.0
389.0	5.0
389.07	40.09270781182357
389.43	40.09270781182357
389.5	5.0
390.0	5.0
390.07	56.57887353238451
390.43	56.57887353238451
390.5	5.0
391.0	5.0
391.07	61.67953359055245
391.43	61.67953359055245
391.5	5.0
392.0	5.0
392.07	57.72311614035675
392.43	57.72311614035675
392.5	5.0
393.0	5.0
393.07	60.42043670170714
393.43	60.42043670170714
393.5	5.0
394.0	5.0
394.07	54.16964068565395
394.43	54.16964068565395
394.5	5.0
395.0	5.0
395.07	41.00619926568045
395.43	41.00619926568045
395.5	5.0
396.0	5.0
396.07	40.98872610493261
396.43	40.98872610493261
396.5	5.0
397.0	5.0
397.07	48.2045400465254
397.43	48.2045400465254
397.5	5.0
398.0	5.0
398.07	43.08342030262756
398.43	43.08342030262756
398.5	5.0
399.0	5.0
399.07	51.625218709235696
399.43	51.625218709235696
399.5	5.0
400.0	5.0
400.07	62.39265985545429
400.43	62.39265985545429
400.5	5.0
401.0	5.0
401.07	65.5481599052932
401.43	65.5481599052932
401.5	5.0
402.0	5.0
402.07	40.083420876239686
402.43	40.083420876239686
402.5	5.0
403.0	5.0
403.07	40.2711132641379
403.43	40.2711132641379
403.5	5.0
404.0	5.0
404.07	47.02892648543682
404.43	47.02892648543682
404.5	5.0
405.0	5.0
405.07	55.1400724171135
405.43	55.1400724171135
405.5	5.0
406.0	5.0
406.07	59.63159181330107
406.43	59.63159181330107
406.5	5.0
407.0	5.0
407.07	51.111656446054106
407.43	51.111656446054106
407.5	5.0
408.0	5.0
408.07	44.29840777220273
408.43	44.29840777220273
408.5	5.0
409.0	5.0
409.07	65.87199157842751
409.43	65.87199157842751
409.5	5.0
410.0	5.0
410.07	69.13276215060027
410.43	69.13276215060027
410.5	5.0
411.0	5.0
411.07	56.90307105974637
411.43	56.90307105974637
411.5	5.0
412.0	5.0
412.07	46.22669075618354
412.43	46.22669075618354
412.5	5.0
413.0	5.0
413.07	62.49309329557893
413.43	62.49309329557893
413.5	5.0
414.0	5.0
414.07	40.88191255422323
414.43	40.88191255422323
414.5	5.0
415.0	5.0
415.07	40.13429242992747
415.43	40.13429242992747
415.5	5.0
416.0	5.0
416.07	64.27060393086481
416.43	64.27060393086481
416.5	5.0
417.0	5.0
417.07	66.45269113821692
417.43	66.45269113821692
417.5	5.0
418.0	5.0
418.07	50.112912177257876
418.43	50.112912177257876
418.5	5.0
419.0	5.0
419.07	66.78133456552533
419.43	66.78133456552533
419.5	5.0
420.0	5.0
420.07	52.42949007022452
420.43	52.42949007022452
420.5	5.0
421.0	5.0
421.07	52.14018572931778
421.43	52.14018572931778
421.5	5.0
422.0	5.0
422.07	51.28793072246301
422.43	51.28793072246301
422.5	5.0
423.0	5.0
423.07	53.48421022439967
423.43	53.48421022439967
423.5	5.0
424.0	5.0
424.07	51.600257994165986
424.43	51.600257994165986
424.5	5.0
425.0	5.0
425.07	41.51586276661167
425.43	41.51586276661167
425.5	5.0
426.0	5.0
426.07	67.30800319242407
426.43	67.30800319242407
426.5	5.0
427.0	5.0
427.07	45.05017076576324
427.43	45.05017076576324
427.5	5.0
428.0	5.0
428.07	46.211648297419565
428.43	46.211648297419565
428.5	5.0
429.0	5.0
429.07	44.520090453507905
429.43	44.520090453507905
429.5	5.0
430.0	5.0
430.07	68.33953083619033
430.43	68.33953083619033
430.5	5.0
431.0	5.0
431.07	48.644516652787495
431.43	48.644516652787495
431.5	5.0
432.0	5.0
432.07	69.56070921043076
432.43	69.56070921043076
432.5	5.0
433.0	5.0
433.07	59.953538624527624
433.43	59.953538624527624
433.5	5.0
434.0	5.0
434.07	62.974568822871305
434.43	62.974568822871305
434.5	5.0
435.0	5.0
435.07	68.45428909626705
435.43	68.45428909626705
435.5	5.0
436.0	5.0
436.07	50.01307245364957
436.43	50.01307245364957
436.5	5.0
437.0	5.0
437.07	55.75863110025964
437.43	55.75863110025964
437.5	5.0
438.0	5.0
438.07	42.452962112250304
438.43	42.452962112250304
438.5	5.0
439.0	5.0
439.07	43.42109874322676
439.43	43.42109874322676
439.5	5.0
440.0	5.0
440.07	66.36629046256446
440.43	66.36629046256446
440.5	5.0
441.0	5.0
441.07	66.04278293669441
441.43	66.04278293669441
441.5	5.0
442.0	5.0
442.07	69.92660116325493
442.43	69.92660116325493
442.5	5.0
443.0	5.0
443.07	42.117433928825385
443.43	42.117433928825385
443.5	5.0
444.0	5.0
444.07	63.387466481048904
444.43	63.387466481048904
444.5	5.0
445.0	5.0
445.07	50.956083535320126
445.43	50.956083535320126
445.5	5.0
446.0	5.0
446.07	54.353088834365764
446.43	54.353088834365764
446.5	5.0
447.0	5.0
447.07	47.724110268120505
447.43	47.724110268120505
447.5	5.0
448.0	5.0
448.07	46.39714674676589
448.43	46.39714674676589
448.5	5.0
449.0	5.0
449.07	65.55639183687245
449.43	65.55639183687245
449.5	5.0
450.0	5.0
450.07	40.26827562449554
450.43	40.26827562449554
450.5	5.0
451.0	5.0
451.07	69.49019841455134
451.43	69.49019841455134
451.5	5.0
452.0	5.0
452.07	53.754010108242625
452.43	53.754010108242625
452.5	5.0
453.0	5.0
453.07	55.8475814552878
453.43	55.8475814552878
453.5	5.0
454.0	5.0
454.07	57.45921149023475
454.43	57.45921149023475
454.5	5.0
455.0	5.0
455.07	47.1481664137564
455.43	47.1481664137564
455.5	5.0
456.0	5.0
456.07	49.50559541281591
456.43	49.50559541281591
456.5	5.0
457.0	5.0
457.07	68.93321648637945
457.43	68.93321648637945
457.5	5.0
458.0	5.0
458.07	48.22210404885354
458.43	48.22210404885354
458.5	5.0
459.0	5.0
459.07	49.263108929267474
459.43	49.263108929267474
459.5	5.0
460.0	5.0
460.07	57.73347826207615
460.43	57.73347826207615
460.5	5.0
461.0	5.0
461.07	42.280586366085096
461.43	42.280586366085096
461.5	5.0
462.0	5.0
462.07	60.836376588003475
462.43	60.836376588003475
462.5	5.0
463.0	5.0
463.07	68.45910370612332
463.43	68.45910370612332
463.5	5.0
464.0	5.0
464.07	51.27036284903866
464.43	51.27036284903866
464.5	5.0
465.0	5.0
465.07	61.98914545808904
465.43	61.98914545808904
465.5	5.0
466.0	5.0
466.07	67.4242601145491
466.43	67.4242601145491
466.5	5.0
467.0	5.0
467.07	55.5119008116764
467.43	55.5119008116764
467.5	5.0
468.0	5.0
468.07	45.23387538980131
468.43	45.23387538980131
468.5	5.0
469.0	5.0
469.07	62.560975780529915
469.43	62.560975780529915
469.5	5.0
470.0	5.0
470.07	53.73874306063819
470.43	53.73874306063819
470.5	5.0
471.0	5.0
471.07	53.96296687146517
471.43	53.96296687146517
471.5	5.0
472.0	5.0
472.07	47.932582338494434
472.43	47.932582338494434
472.5	5.0
473.0	5.0
473.07	68.79954011259424
473.43	68.79954011259424
473.5	5.0
474.0	5.0
474.07	42.823519302462536
474.43	42.823519302462536
474.5	5.0
475.0	5.0
475.07	65.39177343580609
475.43	65.39177343580609
475.5	5.0
476.0	5.0
476.07	63.78206539859677
476.43	63.78206539859677
476.5	5.0
477.0	5.0
477.07	44.10564951846733
477.43	44.10564951846733
477.5	5.0
478.0	5.0
478.07	49.95371439923266
478.43	49.95371439923266
478.5	5.0
479.0	5.0
479.07	64.55604707817994
479.43	64.55604707817994
479.5	5.0
480.0	5.0
480.07	69.78815273788965
480.43	69.78815273788965
480.5	5.0
481.0	5.0
481.07	50.20634005084312
481.43	50.20634005084312
481.5	5.0
482.0	5.0
482.07	61.868431437823304
482.43	61.868431437823304
482.5	5.0
483.0	5.0
483.07	60.65919107764774
483.43	60.65919107764774
483.5	5.0
484.0	5.0
484.07	64.27067178389697
484.43	64.27067178389697
484.5	5.0
485.0	5.0
485.07	66.65725649724752
485.43	66.65725649724752
485.5	5.0
486.0	5.0
486.07	45.36139445363293
486.43	45.36139445363293
486.5	5.0
487.0	5.0
487.07	65.98664313837683
487.43	65.98664313837683
487.5	5.0
488.0	5.0
488.07	68.15752031628357
488.43	68.15752031628357
488.5	5.0
489.0	5.0
489.07	62.583350546266175
489.43	62.583350546266175
489.5	5.0
490.0	5.0
490.07	45.35940204446384
490.43	45.35940204446384
490.5	5.0
491.0	5.0
491.07	41.07013960794546
491.43	41.07013960794546
491.5	5.0
492.0	5.0
492.07	47.3715481775807
492.43	47.3715481775807
492.5	5.0
493.0	5.0
493.07	56.079157947026026
493.43	56.079157947026026
493.5	5.0
494.0	5.0
494.07	46.435792335195615
494.43	46.435792335195615
494.5	5.0
495.0	5.0
495.07	62.531339787226784
495.43	62.531339787226784
495.5	5.0
496.0	5.0
496.07	43.0807705436576
496.43	43.0807705436576
496.5	5.0
497.0	5.0
497.07	45.9876258765778
497.43	45.9876258765778
497.5	5.0
498.0	5.0
498.07	52.56107992388979
498.43	52.56107992388979
498.5	5.0
499.0	5.0
499.07	60.44398927861684
499.43	60.44398927861684
499.5	5.0
500.0	5.0
500.07	53.59983703102887
500.43	53.59983703102887
500.5	5.0
501.0	5.0
501.07	47.34898713589904
501.43	47.34898713589904
501.5	5.0
502.0	5.0
502.07	44.64522481837996
502.43	44.64522481837996
502.5	5.0
503.0	5.0
503.07	46.782507984090174
503.43	46.782507984090174
503.5	5.0
504.0	5.0
504.07	60.182672147727615
504.43	60.182672147727615
504.5	5.0
505.0	5.0
505.07	60.57525575217376
505.43	60.57525575217376
505.5	5.0
506.0	5.0
506.07	42.24529007018176
506.43	42.24529007018176
506.5	5.0
507.0	5.0
507.07	50.52065170813508
507.43	50.52065170813508
507.5	5.0
508.0	5.0
508.07	47.46212118367189
508.43	47.46212118367189
508.5	5.0
509.0	5.0
509.07	60.94700864939419
509.43	60.94700864939419
509.5	5.0
510.0	5.0
510.07	67.18404967092816
510.43	67.18404967092816
510.5	5.0
511.0	5.0
511.07	61.972650470231244
511.43	61.972650470231244
511.5	5.0
512.0	5.0
512.07	45.809153629598526
512.43	45.809153629598526
512.5	5.0
513.0	5.0
513.07	40.052755458155524
513.43	40.052755458155524
513.5	5.0
514.0	5.0
514.07	64.80894173118311
514.43	64.80894173118311
514.5	5.0
515.0	5.0
515.07	55.245253968861626
515.43	55.245253968861626
515.5	5.0
516.0	5.0
516.07	49.478564055004405
516.43	49.478564055004405
516.5	5.0
517.0	5.0
517.07	48.13345036534879
517.43	48.13345036534879
517.5	5.0
518.0	5.0
518.07	54.31548549484992
518.43	54.31548549484992
518.5	5.0
519.0	5.0
519.07	44.23928979666242
519.43	44.23928979666242
519.5	5.0
520.0	5.0
520.07	62.187103915655484
520.43	62.187103915655484
520.5	5.0
521.0	5.0
521.07	45.31300692518131
521.43	45.31300692518131
521.5	5.0
522.0	5.0
522.07	56.861336048350765
522.43	56.861336048350765
522.5	5.0
523.0	5.0
523.07	56.14927201192261
523.43	56.14927201192261
523.5	5.0
524.0	5.0
524.07	44.72315209262665
524.43	44.72315209262665
524.5	5.0
525.0	5.0
525.07	43.34272599558088
525.43	43.34272599558088
525.5	5.0
526.0	5.0
526.07	51.902413089318095
526.43	51.902413089318095
526.5	5.0
527.0	5.0
527.07	43.42523023129336
527.43	43.42523023129336
527.5	5.0
528.0	5.0
528.07	62.81736369731411
528.43	62.81736369731411
528.5	5.0
529.0	5.0
529.07	57.240295124369915
529.43	57.240295124369915
529.5	5.0
530.0	5.0
530.07	58.223579924721655
530.43	58.223579924721655
530.5	5.0
531.0	5.0
531.07	56.168272940496706
531.43	56.168272940496706
531.5	5.0
532.0	5.0
532.07	57.43939854578538
532.43	57.43939854578538
532.5	5.0
533.0	5.0
533.07	51.33695348673948
533.43	51.33695348673948
533.5	5.0
534.0	5.0
534.07	58.82014633393182
534.43	58.82014633393182
534.5	5.0
535.0	5.0
535.07	66.31989711956871
535.43	66.31989711956871
535.5	5.0
536.0	5.0
536.07	50.210854103830854
536.43	50.210854103830854
536.5	5.0
537.0	5.0
537.07	61.342024439055
537.43	61.342024439055
537.5	5.0
538.0	5.0
538.07	65.17095350181935
538.43	65.17095350181935
538.5	5.0
539.0	5.0
539.07	41.01207570660496
539.43	41.01207570660496
539.5	5.0
540.0	5.0
540.07	64.03009315588503
540.43	64.03009315588503
540.5	5.0
541.0	5.0
541.07	50.16103999819013
541.43	50.16103999819013
541.5	5.0
542.0	5.0
542.07	54.38888618350384
542.43	54.38888618350384
542.5	5.0
543.0	5.0
543.07	46.13320995912913
543.43	46.13320995912913
543.5	5.0
544.0	5.0
544.07	58.78292305934241
544.43	58.78292305934241
544.5	5.0
545.0	5.0
545.07	40.885520523636465
545.43	40.885520523636465
545.5	5.0
546.0	5.0
546.07	55.91645548741638
546.43	55.91645548741638
546.5	5.0
547.0	5.0
547.07	68.1025750075437
547.43	68.1025750075437
547.5	5.0
548.0	5.0
548.07	42.07653234079271
548.43	42.07653234079271
548.5	5.0
549.0	5.0
549.07	63.67211436891827
549.43	63.67211436891827
549.5	5.0
550.0	5.0
550.07	60.868203007149894
550.43	60.868203007149894
550.5	5.0
551.0	5.0
551.07	56.11141743453018
551.43	56.11141743453018
551.5	5.0
552.0	5.0
552.07	51.664925847525154
552.43	51.664925847525154
552.5	5.0
553.0	5.0
553.07	47.266855858253294
553.43	47.266855858253294
553.5	5.0
554.0	5.0
554.07	58.12111387748284
554.43	58.12111387748284
554.5	5.0
555.0	5.0
555.07	43.079258269421686
555.43	43.079258269421686
555.5	5.0
556.0	5.0
556.07	63.28003859864393
556.43	63.28003859864393
556.5	5.0
557.0	5.0
557.07	69.16084751003416
557.43	69.16084751003416
557.5	5.0
558.0	5.0
558.07	45.961797967319406
558.43	45.961797967319406
558.5	5.0
559.0	5.0
559.07	45.69668922568373
559.43	45.69668922568373
559.5	5.0
560.0	5.0
560.07	61.448691304142145
560.43	61.448691304142145
560.5	5.0
561.0	5.0
561.07	63.282511962037084
561.43	63.282511962037084
561.5	5.0
562.0	5.0
562.07	47.561410537628966
562.43	47.561410537628966
562.5	5.0
563.0	5.0
563.07	53.17985991047098
563.43	53.17985991047098
563.5	5.0
564.0	5.0
564.07	56.842748048576816
564.43	56.842748048576816
564.5	5.0
565.0	5.0
565.07	63.688073952289045
565.43	63.688073952289045
565.5	5.0
566.0	5.0
566.07	45.54345865762505
566.43	45.54345865762505
566.5	5.0
567.0	5.0
567.07	53.945175184746276
567.43	53.945175184746276
567.5	5.0
568.0	5.0
568.07	60.37269821797079
568.43	60.37269821797079
568.5	5.0
569.0	5.0
569.07	59.969842236967
569.43	59.969842236967
569.5	5.0
570.0	5.0
570.07	46.16973301774125
570.43	46.16973301774125
570.5	5.0
571.0	5.0
571.07	61.07345810931379
571.43	61.07345810931379
571.5	5.0
572.0	5.0
572.07	52.401202913321946
572.43	52.401202913321946
572.5	5.0
573.0	5.0
573.07	42.688823156098195
573.43	42.688823156098195
573.5	5.0
574.0	5.0
574.07	57.92925452054318
574.43	57.92925452054318
574.5	5.0
575.0	5.0
575.07	52.733421848553725
575.43	52.733421848553725
575.5	5.0
576.0	5.0
576.07	49.16733420375108
576.43	49.16733420375108
576.5	5.0
577.0	5.0
577.07	57.63400062641148
577.43	57.63400062641148
577.5	5.0
578.0	5.0
578.07	47.97518329917117
578.43	47.97518329917117
578.5	5.0
579.0	5.0
579.07	68.29576613398147
579.43	68.29576613398147
579.5	5.0
580.0	5.0
580.07	69.03451780282997
580.43	69.03451780282997
580.5	5.0
581.0	5.0
581.07	40.0941894787222
581.43	40.0941894787222
581.5	5.0
582.0	5.0
582.07	68.67260941812279
582.43	68.67260941812279
582.5	5.0
583.0	5.0
583.07	43.185561829747066
583.43	43.185561829747066
583.5	5.0
584.0	5.0
584.07	48.09680338976531
584.43	48.09680338976531
584.5	5.0
585.0	5.0
585.07	62.43476631134756
585.43	62.43476631134756
585.5	5.0
586.0	5.0
586.07	57.94976286432715
586.43	57.94976286432715
586.5	5.0
587.0	5.0
587.07	65.04124976044491
587.43	65.04124976044491
587.5	5.0
588.0	5.0
588.07	45.38771158938363
588.43	45.38771158938363
588.5	5.0
589.0	5.0
589.07	61.415678063870565
589.43	61.415678063870565
589.5	5.0
590.0	5.0
590.07	56.28239273602766
590.43	56.28239273602766
590.5	5.0
591.0	5.0
591.07	53.96787255532011
591.43	53.96787255532011
591.5	5.0
592.0	5.0
592.07	47.107688936643314
592.43	47.107688936643314
592.5	5.0
593.0	5.0
593.07	60.76035842084532
593.43	60.76035842084532
593.5	5.0
594.0	5.0
594.07	56.93701396279486
594.43	56.93701396279486
594.5	5.0
595.0	5.0
595.07	50.852846076639985
595.43	50.852846076639985
595.5	5.0
596.0	5.0
596.07	57.4791957480626
596.43	57.4791957480626
596.5	5.0
597.0	5.0
597.07	49.69083451335564
597.43	49.69083451335564
597.5	5.0
598.0	5.0
598.07	43.81177645046364
598.43	43.81177645046364
598.5	5.0
599.0	5.0
599.07	55.02579504209323
599.43	55.02579504209323
599.5	5.0
600.0	5.0
600.07	41.08778493053143
600.43	41.08778493053143
600.5	5.0
601.0	5.0
601.07	66.88755578966668
601.43	66.88755578966668
601.5	5.0
602.0	5.0
602.07	56.756351821088614
602.43	56.756351821088614
602.5	5.0
603.0	5.0
603.07	44.55271898690471
603.43	44.55271898690471
603.5	5.0
604.0	5.0
604.07	66.97486962954895
604.43	66.97486962954895
604.5	5.0
605.0	5.0
605.07	49.81069745056864
605.43	49.81069745056864
605.5	5.0
606.0	5.0
606.07	67.92019073400675
606.43	67.92019073400675
606.5	5.0
607.0	5.0
607.07	64.940643192288
607.43	64.940643192288
607.5	5.0
608.0	5.0
608.07	52.20410470783031
608.43	52.20410470783031
608.5	5.0
609.0	5.0
609.07	62.44066956855252
609.43	62.44066956855252
609.5	5.0
610.0	5.0
610.07	41.29870809952753
610.43	41.29870809952753
610.5	5.0
611.0	5.0
611.07	54.860931685430856
611.43	54.860931685430856
611.5	5.0
612.0	5.0
612.07	69.13552982725031
612.43	69.13552982725031
612.5	5.0
613.0	5.0
613.07	47.36362213542857
613.43	47.36362213542857
613.5	5.0
614.0	5.0
614.07	51.52448760924391
614.43	51.52448760924391
614.5	5.0
615.0	5.0
615.07	67.07164518075334
615.43	67.07164518075334
615.5	5.0
616.0	5.0
616.07	47.66521498134082
616.43	47.66521498134082
616.5	5.0
617.0	5.0
617.07	68.52646972847367
617.43	68.52646972847367
617.5	5.0
618.0	5.0
618.07	61.33597587347997
618.43	61.33597587347997
618.5	5.0
619.0	5.0
619.07	59.833602112888016
619.43	59.833602112888016
619.5	5.0
620.0	5.0
620.07	55.66335443933132
620.43	55.66335443933132
620.5	5.0
621.0	5.0
621.07	51.569059475602764
621.43	51.569059475602764
621.5	5.0
622.0	5.0
622.07	49.874870986968745
622.43	49.874870986968745
622.5	5.0
623.0	5.0
623.07	56.93822813743846
623.43	56.93822813743846
623.5	5.0
624.0	5.0
624.07	56.96217525940103
624.43	56.96217525940103
624.5	5.0
625.0	5.0
625.07	48.577563871525285
625.43	48.577563871525285
625.5	5.0
626.0	5.0
626.07	63.243764356204665
626.43	63.243764356204665
626.5	5.0
627.0	5.0
627.07	59.02498587438181
627.43	59.02498587438181
627.5	5.0
628.0	5.0
628.07	62.56820203530896
628.43	62.56820203530896
628.5	5.0
629.0	5.0
629.07	55.75804963921086
629.43	55.75804963921086
629.5	5.0
630.0	5.0
630.07	41.97462156002466
630.43	41.97462156002466
630.5	5.0
631.0	5.0
631.07	54.07937050976354
631.43	54.07937050976354
631.5	5.0
632.0	5.0
632.07	50.0326941334965
632.43	50.0326941334965
632.5	5.0
633.0	5.0
633.07	45.66433874579327
633.43	45.66433874579327
633.5	5.0
634.0	5.0
634.07	54.8540271045997
634.43	54.8540271045997
634.5	5.0
635.0	5.0
635.07	50.33203079845467
635.43	50.33203079845467
635.5	5.0
636.0	5.0
636.07	42.92680293356117
636.43	42.92680293356117
636.5	5.0
637.0	5.0
637.07	43.730290922118776
637.43	43.730290922118776
637.5	5.0
638.0	5.0
638.07	66.4432889440948
638.43	66.4432889440948
638.5	5.0
639.0	5.0
639.07	61.1143687610427
639.43	61.1143687610427
639.5	5.0
640.0	5.0
640.07	54.459147882601584
640.43	54.459147882601584
640.5	5.0
641.0	5.0
641.07	65.0227928074126
641.43	65.0227928074126
641.5	5.0
642.0	5.0
642.07	66.2040132090506
642.43	66.2040132090506
642.5	5.0
643.0	5.0
643.07	45.87922478019347
643.43	45.87922478019347
643.5	5.0
644.0	5.0
644.07	66.50184869841789
644.43	66.50184869841789
644.5	5.0
645.0	5.0
645.07	48.40352015067657
645.43	48.40352015067657
645.5	5.0
646.0	5.0
646.07	67.29889298478113
646.43	67.29889298478113
646.5	5.0
647.0	5.0
647.07	68.9896242504278
647.43	68.9896242504278
647.5	5.0
648.0	5.0
648.07	68.93553569761623
648.43	68.93553569761623
648.5	5.0
649.0	5.0
649.07	40.89230736590281
649.43	40.89230736590281
649.5	5.0
650.0	5.0
650.07	44.91601448411164
650.43	44.91601448411164
650.5	5.0
651.0	5.0
651.07	44.73253013885838
651.43	44.73253013885838
651.5	5.0
652.0	5.0
652.07	57.47878571476392
652.43	57.47878571476392
652.5	5.0
653.0	5.0
653.07	52.746712277064915
653.43	52.746712277064915
653.5	5.0
654.0	5.0
654.07	59.044588393055804
654.43	59.044588393055804
654.5	5.0
655.0	5.0
655.07	46.07504148434892
655.43	46.07504148434892
655.5	5.0
656.0	5.0
656.07	69.0057018747715
656.43	69.0057018747715
656.5	5.0
657.0	5.0
657.07	65.12444795454007
657.43	65.12444795454007
657.5	5.0
658.0	5.0
658.07	57.86033489500423
658.43	57.86033489500423
658.5	5.0
659.0	5.0
659.07	57.36871310887045
659.43	57.36871310887045
659.5	5.0
660.0	5.0
660.07	53.14960938233553
660.43	53.14960938233553
660.5	5.0
661.0	5.0
661.07	40.74336578497882
661.43	40.74336578497882
661.5	5.0
662.0	5.0
662.07	64.04232546400885
662.43	64.04232546400885
662.5	5.0
663.0	5.0
663.07	44.874382449341596
663.43	44.874382449341596
663.5	5.0
664.0	5.0
664.07	56.89404852692378
664.43	56.89404852692378
664.5	5.0
665.0	5.0
665.07	42.11857494847868
665.43	42.11857494847868
665.5	5.0
666.0	5.0
666.07	53.10671819952404
666.43	53.10671819952404
666.5	5.0
667.0	5.0
667.07	50.3321416414815
667.43	50.3321416414815
667.5	5.0
668.0	5.0
668.07	45.29742806835433
668.43	45.29742806835433
668.5	5.0
669.0	5.0
669.07	63.46202929744584
669.43	63.46202929744584
669.5	5.0
670.0	5.0
670.07	48.45774900547039
670.43	48.45774900547039
670.5	5.0
671.0	5.0
671.07	56.71941766406819
671.43	56.71941766406819
671.5	5.0
672.0	5.0
672.07	59.88203470676906
672.43	59.88203470676906
672.5	5.0
673.0	5.0
673.07	66.8508164438108
673.43	66.8508164438108
673.5	5.0
674.0	5.0
674.07	41.56928743638431
674.43	41.56928743638431
674.5	5.0
675.0	5.0
675.07	44.827746711498605
675.43	44.827746711498605
675.5	5.0
676.0	5.0
676.07	62.966699790208274
676.43	62.966699790208274
676.5	5.0
677.0	5.0
677.07	66.7207864697667
677.43	66.7207864697667
677.5	5.0
678.0	5.0
678.07	51.605051615654226
678.43	51.605051615654226
678.5	5.0
679.0	5.0
679.07	50.96145605912184
679.43	50.96145605912184
679.5	5.0
680.0	5.0
680.07	57.011121026736824
680.43	57.011121026736824
680.5	5.0
681.0	5.0
681.07	65.63013149879923
681.43	65.63013149879923
681.5	5.0
682.0	5.0
682.07	40.042395186619224
682.43	40.042395186619224
682.5	5.0
683.0	5.0
683.07	66.60716856871643
683.43	66.60716856871643
683.5	5.0
684.0	5.0
684.07	46.66150132226549
684.43	46.66150132226549
684.5	5.0
685.0	5.0
685.07	43.835193597018694
685.43	43.835193597018694
685.5	5.0
686.0	5.0
686.07	60.92329450508761
686.43	60.92329450508761
686.5	5.0
687.0	5.0
687.07	54.02878995763773
687.43	54.02878995763773
687.5	5.0
688.0	5.0
688.07	42.965076507969926
688.43	42.965076507969926
688.5	5.0
689.0	5.0
689.07	42.25246892449282
689.43	42.25246892449282
689.5	5.0
690.0	5.0
690.07	59.966218076285074
690.43	59.966218076285074
690.5	5.0
691.0	5.0
691.07	50.9081686946066
691.43	50.9081686946066
691.5	5.0
692.0	5.0
692.07	57.117293626712105
692.43	57.117293626712105
692.5	5.0
693.0	5.0
693.07	68.04395510637033
693.43	68.04395510637033
693.5	5.0
694.0	5.0
694.07	67.2348885132458
694.43	67.2348885132458
694.5	5.0
695.0	5.0
695.07	41.15425849288765
695.43	41.15425849288765
695.5	5.0
696.0	5.0
696.07	41.613298673600816
696.43	41.613298673600816
696.5	5.0
697.0	5.0
697.07	66.72673356478336
697.43	66.72673356478336
697.5	5.0
698.0	5.0
698.07	62.44990050748821
698.43	62.44990050748821
698.5	5.0
699.0	5.0
699.07	44.14210024103888
699.43	44.14210024103888
699.5	5.0
700.0	5.0
700.07	58.29450520107471
700.43	58.29450520107471
700.5	5.0
701.0	5.0
701.07	69.42401763472029
701.43	69.42401763472029
701.5	5.0
702.0	5.0
702.07	69.62300899351172
702.43	69.62300899351172
702.5	5.0
703.0	5.0
703.07	48.530174950696434
703.43	48.530174950696434
703.5	5.0
704.0	5.0
704.07	54.89774641663446
704.43	54.89774641663446
704.5	5.0
705.0	5.0
705.07	62.51078611140572
705.43	62.51078611140572
705.5	5.0
706.0	5.0
706.07	40.105117837256046
706.43	40.105117837256046
706.5	5.0
707.0	5.0
707.07	55.34323161443532
707.43	55.34323161443532
707.5	5.0
708.0	5.0
708.07	45.99569292288507
708.43	45.99569292288507
708.5	5.0
709.0	5.0
709.07	58.86751945087282
709.43	58.86751945087282
709.5	5.0
710.0	5.0
710.07	63.46374735732148
710.43	63.46374735732148
710.5	5.0
711.0	5.0
711.07	48.230533503569035
711.43	48.230533503569035
711.5	5.0
712.0	5.0
712.07	40.780725535901695
712.43	40.780725535901695
712.5	5.0
713.0	5.0
713.07	44.74269826666524
713.43	44.74269826666524
713.5	5.0
714.0	5.0
714.07	55.23119892346487
714.43	55.23119892346487
714.5	5.0
715.0	5.0
715.07	47.232000623868934
715.43	47.232000623868934
715.5	5.0
716.0	5.0
716.07	57.89823704713807
716.43	57.89823704713807
716.5	5.0
717.0	5.0
717.07	66.23438539519238
717.43	66.23438539519238
717.5	5.0
718.0	5.0
718.07	58.66860041592123
718.43	58.66860041592123
718.5	5.0
719.0	5.0
719.07	66.78277448474032
719.43	66.78277448474032
719.5	5.0
720.0	5.0
720.07	62.41269398378834
720.43	62.41269398378834
720.5	5.0
721.0	5.0
721.07	42.16940872240937
721.43	42.16940872240937
721.5	5.0
722.0	5.0
722.07	63.098764864658854
722.43	63.098764864658854
722.5	5.0
723.0	5.0
723.07	64.64601331382725
723.43	64.64601331382725
723.5	5.0
724.0	5.0
724.07	44.62504318682835
724.43	44.62504318682835
724.5	5.0
725.0	5.0
725.07	46.76091602591285
725.43	46.76091602591285
725.5	5.0
726.0	5.0
726.07	58.35072191508377
726.43	58.35072191508377
726.5	5.0
727.0	5.0
727.07	59.8089872943829
727.43	59.8089872943829
727.5	5.0
728.0	5.0
728.07	62.67851679985306
728.43	62.67851679985306
728.5	5.0
729.0	5.0
729.07	68.31219833941664
729.43	68.31219833941664
729.5	5.0
730.0	5.0
730.07	42.76940349781348
730.43	42.76940349781348
730.5	5.0
731.0	5.0
731.07	51.229494248652735
731.43	51.229494248652735
731.5	5.0
732.0	5.0
732.07	40.90671458807842
732.43	40.90671458807842
732.5	5.0
733.0	5.0
733.07	46.16669905907859
733.43	46.16669905907859
733.5	5.0
734.0	5.0
734.07	65.67715088090073
734.43	65.67715088090073
734.5	5.0
735.0	5.0
735.07	66.68669784759875
735.43	66.68669784759875
735.5	5.0
736.0	5.0
736.07	54.21906263847138
736.43	54.21906263847138
736.5	5.0
737.0	5.0
737.07	53.105069284077274
737.43	53.105069284077274
737.5	5.0
738.0	5.0
738.07	52.66754535235616
738.43	52.66754535235616
738.5	5.0
739.0	5.0
739.07	66.55290453958223
739.43	66.55290453958223
739.5	5.0
740.0	5.0
740.07	53.4536929492493
740.43	53.4536929492493
740.5	5.0
741.0	5.0
741.07	59.64057722478782
741.43	59.64057722478782
741.5	5.0
742.0	5.0
742.07	44.292765078248074
742.43	44.292765078248074
742.5	5.0
743.0	5.0
743.07	45.90463080299277
743.43	45.90463080299277
743.5	5.0
744.0	5.0
744.07	68.74203986896187
744.43	68.74203986896187
744.5	5.0
745.0	5.0
745.07	40.48813161497015
745.43	40.48813161497015
745.5	5.0
746.0	5.0
746.07	50.600765657363624
746.43	50.600765657363624
746.5	5.0
747.0	5.0
747.07	60.22164324287292
747.43	60.22164324287292
747.5	5.0
748.0	5.0
748.07	51.17916267106621
748.43	51.17916267106621
748.5	5.0
749.0	5.0
749.07	58.537509616561195
749.43	58.537509616561195
749.5	5.0
750.0	5.0
750.07	56.03035261834991
750.43	56.03035261834991
750.5	5.0
751.0	5.0
751.07	58.70549220512351
751.43	58.70549220512351
751.5	5.0
752.0	5.0
752.07	64.58627294181201
752.43	64.58627294181201
752.5	5.0
753.0	5.0
753.07	60.55936207676885
753.43	60.55936207676885
753.5	5.0
754.0	5.0
754.07	56.9204245115917
754.43	56.9204245115917
754.5	5.0
755.0	5.0
755.07	57.1471339541975
755.43	57.1471339541975
755.5	5.0
756.0	5.0
756.07	61.51452049322987
756.43	61.51452049322987
756.5	5.0
757.0	5.0
757.07	56.84563889692683
757.43	56.84563889692683
757.5	5.0
758.0	5.0
758.07	52.07500356303271
758.43	52.07500356303271
758.5	5.0
759.0	5.0
759.07	69.95309861978718
759.43	69.95309861978718
759.5	5.0
760.0	5.0
760.07	50.91302320728896
760.43	50.91302320728896
760.5	5.0
761.0	5.0
761.07	51.79723208547683
761.43	51.79723208547683
761.5	5.0
762.0	5.0
762.07	52.094040183845536
762.43	52.094040183845536
762.5	5.0
763.0	5.0
763.07	52.701654521162986
763.43	52.701654521162986
763.5	5.0
764.0	5.0
764.07	52.56275921604497
764.43	52.56275921604497
764.5	5.0
765.0	5.0
765.07	58.13237625336526
765.43	58.13237625336526
765.5	5.0
766.0	5.0
766.07	49.39794097189989
766.43	49.39794097189989
766.5	5.0
767.0	5.0
767.07	69.90162301057009
767.43	69.90162301057009
767.5	5.0
768.0	5.0
768.07	48.84259648608283
768.43	48.84259648608283
768.5	5.0
769.0	5.0
769.07	55.92096328530768
769.43	55.92096328530768
769.5	5.0
770.0	5.0
770.07	40.242385917579156
770.43	40.242385917579156
770.5	5.0
771.0	5.0
771.07	48.58312704307798
771.43	48.58312704307798
771.5	5.0
772.0	5.0
772.07	53.77112439311557
772.43	53.77112439311557
772.5	5.0
773.0	5.0
773.07	40.236418063125605
773.43	40.236418063125605
773.5	5.0
774.0	5.0
774.07	52.204621006962434
774.43	52.204621006962434
774.5	5.0
775.0	5.0
775.07	40.44685458937749
775.43	40.44685458937749
775.5	5.0
776.0	5.0
776.07	58.66123233235602
776.43	58.66123233235602
776.5	5.0
777.0	5.0
777.07	53.939971338969336
777.43	53.939971338969336
777.5	5.0
778.0	5.0
778.07	65.60850711942697
778.43	65.60850711942697
778.5	5.0
779.0	5.0
779.07	42.18896487923551
779.43	42.18896487923551
779.5	5.0
780.0	5.0
780.07	55.205456016610135
780.43	55.205456016610135
780.5	5.0
781.0	5.0
781.07	58.237329870683766
781.43	58.237329870683766
781.5	5.0
782.0	5.0
782.07	59.38080161174584
782.43	59.38080161174584
782.5	5.0
783.0	5.0
783.07	48.51472160142141
783.43	48.51472160142141
783.5	5.0
784.0	5.0
784.07	67.0577638361363
784.43	67.0577638361363
784.5	5.0
785.0	5.0
785.07	45.12737560303958
785.43	45.12737560303958
785.5	5.0
786.0	5.0
786.07	56.88208975597925
786.43	56.88208975597925
786.5	5.0
787.0	5.0
787.07	69.58672558278047
787.43	69.58672558278047
787.5	5.0
788.0	5.0
788.07	55.243282599856116
788.43	55.243282599856116
788.5	5.0
789.0	5.0
789.07	43.20827581067174
789.43	43.20827581067174
789.5	5.0
790.0	5.0
790.07	69.01412781001571
790.43	69.01412781001571
790.5	5.0
791.0	5.0
791.07	55.92569796394884
791.43	55.92569796394884
791.5	5.0
792.0	5.0
792.07	44.95950108150015
792.43	44.95950108150015
792.5	5.0
793.0	5.0
793.07	64.06696652779377
793.43	64.06696652779377
793.5	5.0
794.0	5.0
794.07	44.03104934311189
794.43	44.03104934311189
794.5	5.0
795.0	5.0
795.07	64.38854934395323
795.43	64.38854934395323
795.5	5.0
796.0	5.0
796.07	54.69703463716383
796.43	54.69703463716383
796.5	5.0
797.0	5.0
797.07	68.78519166103948
797.43	68.78519166103948
797.5	5.0
798.0	5.0
798.07	59.67780883114163
798.43	59.67780883114163
798.5	5.0
799.0	5.0
799.07	60.26535702795418
799.43	60.26535702795418
799.5	5.0
800.0	5.0
800.07	67.60400102582099
800.43	67.60400102582099
800.5	5.0
801.0	5.0
801.07	61.77219551943371
801.43	61.77219551943371
801.5	5.0
802.0	5.0
802.07	56.572447071465106
802.43	56.572447071465106
802.5	5.0
803.0	5.0
803.07	41.75440975287191
803.43	41.75440975287191
803.5	5.0
804.0	5.0
804.07	48.271333951084046
804.43	48.271333951084046
804.5	5.0
805.0	5.0
805.07	49.143581741042425
805.43	49.143581741042425
805.5	5.0
806.0	5.0
806.07	56.69600270265545
806.43	56.69600270265545
806.5	5.0
807.0	5.0
807.07	64.72404029315679
807.43	64.72404029315679
807.5	5.0
808.0	5.0
808.07	46.58441305241852
808.43	46.58441305241852
808.5	5.0
809.0	5.0
809.07	57.581466650487094
809.43	57.581466650487094
809.5	5.0
810.0	5.0
810.07	69.35267931543484
810.43	69.35267931543484
810.5	5.0
811.0	5.0
811.07	44.18034900863277
811.43	44.18034900863277
811.5	5.0
812.0	5.0
812.07	64.46968134030061
812.43	64.46968134030061
812.5	5.0
813.0	5.0
813.07	40.2195809706798
813.43	40.2195809706798
813.5	5.0
814.0	5.0
814.07	57.874304592133015
814.43	57.874304592133015
814.5	5.0
815.0	5.0
815.07	47.720272168738354
815.43	47.720272168738354
815.5	5.0
816.0	5.0
816.07	52.61322328909667
816.43	52.61322328909667
816.5	5.0
817.0	5.0
817.07	63.597497590663195
817.43	63.597497590663195
817.5	5.0
818.0	5.0
818.07	62.18767596934718
818.43	62.18767596934718
818.5	5.0
819.0	5.0
819.07	64.02684156706226
819.43	64.02684156706226
819.5	5.0
820.0	5.0
820.07	65.27352207981536
820.43	65.27352207981536
820.5	5.0
821.0	5.0
821.07	53.73309045084703
821.43	53.73309045084703
821.5	5.0
822.0	5.0
822.07	42.58158046556422
822.43	42.58158046556422
822.5	5.0
823.0	5.0
823.07	62.474087719457444
823.43	62.474087719457444
823.5	5.0
824.0	5.0
824.07	49.11696373110506
824.43	49.11696373110506
824.5	5.0
825.0	5.0
825.07	51.1491079286325
825.43	51.1491079286325
825.5	5.0
826.0	5.0
826.07	42.20671617248278
826.43	42.20671617248278
826.5	5.0
827.0	5.0
827.07	48.49166597294774
827.43	48.49166597294774
827.5	5.0
828.0	5.0
828.07	60.27348225180232
828.43	60.27348225180232
828.5	5.0
829.0	5.0
829.07	59.544274773925046
829.43	59.544274773925046
829.5	5.0
830.0	5.0
830.07	66.80208633609602
830.43	66.80208633609602
830.5	5.0
831.0	5.0
831.07	61.23440109989339
831.43	61.23440109989339
831.5	5.0
832.0	5.0
832.07	62.511410843882814
832.43	62.511410843882814
832.5	5.0
833.0	5.0
833.07	58.57125531961762
833.43	58.57125531961762
833.5	5.0
834.0	5.0
834.07	55.14049540309377
834.43	55.14049540309377
834.5	5.0
835.0	5.0
835.07	56.25197704426215
835.43	56.25197704426215
835.5	5.0
836.0	5.0
836.07	61.6764736699125
836.43	61.6764736699125
836.5	5.0
837.0	5.0
837.07	47.03951478160827
837.43	47.03951478160827
837.5	5.0
838.0	5.0
838.07	58.66890955243616
838.43	58.66890955243616
838.5	5.0
839.0	5.0
839.07	45.561899804502204
839.43	45.561899804502204
839.5	5.0
840.0	5.0
840.07	48.95694437858139
840.43	48.95694437858139
840.5	5.0
841.0	5.0
841.07	67.96299982116395
841.43	67.96299982116395
841.5	5.0
842.0	5.0
842.07	67.3154140888813
842.43	67.3154140888813
842.5	5.0
843.0	5.0
843.07	45.81436591154664
843.43	45.81436591154664
843.5	5.0
844.0	5.0
844.07	61.69394887718631
844.43	61.69394887718631
844.5	5.0
845.0	5.0
845.07	61.29879280282604
845.43	61.29879280282604
845.5	5.0
846.0	5.0
846.07	55.63954769343464
846.43	55.63954769343464
846.5	5.0
847.0	5.0
847.07	49.33015373797267
847.43	49.33015373797267
847.5	5.0
848.0	5.0
848.07	58.780043001353675
848.43	58.780043001353675
848.5	5.0
849.0	5.0
849.07	42.34863554977538
849.43	42.34863554977538
849.5	5.0
850.0	5.0
850.07	54.38116155342827
850.43	54.38116155342827
850.5	5.0
851.0	5.0
851.07	58.151122643907215
851.43	58.151122643907215
851.5	5.0
852.0	5.0
852.07	47.4729516950147
852.43	47.4729516950147
852.5	5.0
853.0	5.0
853.07	44.69622603577253
853.43	44.69622603577253
853.5	5.0
854.0	5.0
854.07	50.68482976399224
854.43	50.68482976399224
854.5	5.0
855.0	5.0
855.07	57.68006201407576
855.43	57.68006201407576
855.5	5.0
856.0	5.0
856.07	49.80991132200876
856.43	49.80991132200876
856.5	5.0
857.0	5.0
857.07	42.25043544332227
857.43	42.25043544332227
857.5	5.0
858.0	5.0
858.07	51.85371325499073
858.43	51.85371325499073
858.5	5.0
859.0	5.0
859.07	52.38161805184947
859.43	52.38161805184947
859.5	5.0
860.0	5.0
860.07	63.84392268700995
860.43	63.84392268700995
860.5	5.0
861.0	5.0
861.07	66.05842330007506
861.43	66.05842330007506
861.5	5.0
862.0	5.0
862.07	41.80318012931623
862.43	41.80318012931623
862.5	5.0
863.0	5.0
863.07	43.41314587968742
863.43	43.41314587968742
863.5	5.0
864.0	5.0
864.07	66.46042189569468
864.43	66.46042189569468
864.5	5.0
865.0	5.0
865.07	47.53661655916794
865.43	47.53661655916794
865.5	5.0
866.0	5.0
866.07	55.304338006375446
866.43	55.304338006375446
866.5	5.0
867.0	5.0
867.07	55.237977887117566
867.43	55.237977887117566
867.5	5.0
868.0	5.0
868.07	52.892369307438855
868.43	52.892369307438855
868.5	5.0
869.0	5.0
869.07	68.26619152774873
869.43	68.26619152774873
869.5	5.0
870.0	5.0
870.07	63.69914463144527
870.43	63.69914463144527
870.5	5.0
871.0	5.0
871.07	51.875911153937636
871.43	51.875911153937636
871.5	5.0
872.0	5.0
872.07	56.81129950417579
872.43	56.81129950417579
872.5	5.0
873.0	5.0
873.07	48.843895342113186
873.43	48.843895342113186
873.5	5.0
874.0	5.0
874.07	45.69206098561448
874.43	45.69206098561448
874.5	5.0
875.0	5.0
875.07	46.82479785734627
875.43	46.82479785734627
875.5	5.0
876.0	5.0
876.07	68.43669497421739
876.43	68.43669497421739
876.5	5.0
877.0	5.0
877.07	63.959746889677234
877.43	63.959746889677234
877.5	5.0
878.0	5.0
878.07	68.05464835054141
878.43	68.05464835054141
878.5	5.0
879.0	5.0
879.07	53.328280575084506
879.43	53.328280575084506
879.5	5.0
880.0	5.0
880.07	53.132890270920704
880.43	53.132890270920704
880.5	5.0
881.0	5.0
881.07	55.79118908948645
881.43	55.79118908948645
881.5	5.0
882.0	5.0
882.07	61.19619295753076
882.43	61.19619295753076
882.5	5.0
883.0	5.0
883.07	61.18408377269777
883.43	61.18408377269777
883.5	5.0
884.0	5.0
884.07	57.29113078747971
884.43	57.29113078747971
884.5	5.0
885.0	5.0
885.07	63.89351193401675
885.43	63.89351193401675
885.5	5.0
886.0	5.0
886.07	42.17576016998549
886.43	42.17576016998549
886.5	5.0
887.0	5.0
887.07	40.96427827629332
887.43	40.96427827629332
887.5	5.0
888.0	5.0
888.07	47.13361664621711
888.43	47.13361664621711
888.5	5.0
889.0	5.0
889.07	69.05701335321307
889.43	69.05701335321307
889.5	5.0
890.0	5.0
890.07	67.54745048971569
890.43	67.54745048971569
890.5	5.0
891.0	5.0
891.07	43.1677446282412
891.43	43.1677446282412
891.5	5.0
892.0	5.0
892.07	42.310593338212136
892.43	42.310593338212136
892.5	5.0
893.0	5.0
893.07	52.60604997148796
893.43	52.60604997148796
893.5	5.0
894.0	5.0
894.07	42.531611729055534
894.43	42.531611729055534
894.5	5.0
895.0	5.0
895.07	61.239287526546974
895.43	61.239287526546974
895.5	5.0
896.0	5.0
896.07	58.28395253997292
896.43	58.28395253997292
896.5	5.0
897.0	5.0
897.07	44.213710649604934
897.43	44.213710649604934
897.5	5.0
898.0	5.0
898.07	57.437291278932655
898.43	57.437291278932655
898.5	5.0
899.0	5.0
899.07	61.76478460694079
899.43	61.76478460694079
899.5	5.0
900.0	5.0
900.07	47.4607204065212
900.43	47.4607204065212
900.5	5.0
901.0	5.0
901.07	65.2394018560788
901.43	65.2394018560788
901.5	5.0
902.0	5.0
902.07	44.36513637218506
902.43	44.36513637218506
902.5	5.0
903.0	5.0
903.07	57.35878121535593
903.43	57.35878121535593
903.5	5.0
904.0	5.0
904.07	47.83663336350157
904.43	47.83663336350157
904.5	5.0
905.0	5.0
905.07	45.60675366950266
905.43	45.60675366950266
905.5	5.0
906.0	5.0
906.07	60.051960124465666
906.43	60.051960124465666
906.5	5.0
907.0	5.0
907.07	58.960555081356816
907.43	58.960555081356816
907.5	5.0
908.0	5.0
908.07	57.240600612397515
908.43	57.240600612397515
908.5	5.0
909.0	5.0
909.07	40.57754854262049
909.43	40.57754854262049
909.5	5.0
910.0	5.0
910.07	61.28509229575904
910.43	61.28509229575904
910.5	5.0
911.0	5.0
911.07	45.93655468709081
911.43	45.93655468709081
911.5	5.0
912.0	5.0
912.07	52.67493870080924
912.43	52.67493870080924
912.5	5.0
913.0	5.0
913.07	60.06929453878401
913.43	60.06929453878401
913.5	5.0
914.0	5.0
914.07	53.37524120584717
914.43	53.37524120584717
914.5	5.0
915.0	5.0
915.07	62.717525401981824
915.43	62.717525401981824
915.5	5.0
916.0	5.0
916.07	64.69012334393766
916.43	64.69012334393766
916.5	5.0
917.0	5.0
917.07	43.64078389752403
917.43	43.64078389752403
917.5	5.0
918.0	5.0
918.07	50.01317534338193
918.43	50.01317534338193
918.5	5.0
919.0	5.0
919.07	54.88487815552684
919.43	54.88487815552684
919.5	5.0
920.0	5.0
920.07	55.6991512641453
920.43	55.6991512641453
920.5	5.0
921.0	5.0
921.07	58.235860674692624
921.43	58.235860674692624
921.5	5.0
922.0	5.0
922.07	68.62890338223735
922.43	68.62890338223735
922.5	5.0
923.0	5.0
923.07	63.42029059642181
923.43	63.42029059642181
923.5	5.0
924.0	5.0
924.07	60.21742429248093
924.43	60.21742429248093
924.5	5.0
925.0	5.0
925.07	40.619186358908635
925.43	40.619186358908635
925.5	5.0
926.0	5.0
926.07	56.82288926228837
926.43	56.82288926228837
926.5	5.0
927.0	5.0
927.07	58.091574824439846
927.43	58.091574824439846
927.5	5.0
928.0	5.0
928.07	57.047168167052604
928.43	57.047168167052604
928.5	5.0
929.0	5.0
929.07	40.881690255494725
929.43	40.881690255494725
929.5	5.0
930.0	5.0
930.07	56.324067907606114
930.43	56.324067907606114
930.5	5.0
931.0	5.0
931.07	67.90440725874589
931.43	67.90440725874589
931.5	5.0
932.0	5.0
932.07	40.56068639850725
932.43	40.56068639850725
932.5	5.0
933.0	5.0
933.07	49.25667964070842
933.43	49.25667964070842
933.5	5.0
934.0	5.0
934.07	52.580060134355065
934.43	52.580060134355065
934.5	5.0
935.0	5.0
935.07	56.2155281778615
935.43	56.2155281778615
935.5	5.0
936.0	5.0
936.07	43.80624526814878
936.43	43.80624526814878
936.5	5.0
937.0	5.0
937.07	58.6826755032157
937.43	58.6826755032157
937.5	5.0
938.0	5.0
938.07	63.29671629305095
938.43	63.29671629305095
938.5	5.0
939.0	5.0
939.07	56.008087719409836
939.43	56.008087719409836
939.5	5.0
940.0	5.0
940.07	48.370348703666735
940.43	48.370348703666735
940.5	5.0
941.0	5.0
941.07	42.42051821593167
941.43	42.42051821593167
941.5	5.0
942.0	5.0
942.07	42.32842467229594
942.43	42.32842467229594
942.5	5.0
943.0	5.0
943.07	51.30275112032696
943.43	51.30275112032696
943.5	5.0
944.0	5.0
944.07	42.56079472954567
944.43	42.56079472954567
944.5	5.0
945.0	5.0
945.07	43.27403639603757
945.43	43.27403639603757
945.5	5.0
946.0	5.0
946.07	61.831654365396446
946.43	61.831654365396446
946.5	5.0
947.0	5.0
947.07	44.42174183094509
947.43	44.42174183094509
947.5	5.0
948.0	5.0
948.07	46.90863963826927
948.43	46.90863963826927
948.5	5.0
949.0	5.0
949.07	54.13459833932261
949.43	54.13459833932261
949.5	5.0
950.0	5.0
950.07	41.67681523061501
950.43	41.67681523061501
950.5	5.0
951.0	5.0
951.07	63.873672413194825
951.43	63.873672413194825
951.5	5.0
952.0	5.0
952.07	45.36343402723313
952.43	45.36343402723313
952.5	5.0
953.0	5.0
953.07	69.69025755623466
953.43	69.69025755623466
953.5	5.0
954.0	5.0
954.07	47.89425725833078
954.43	47.89425725833078
954.5	5.0
955.0	5.0
955.07	55.65859392615373
955.43	55.65859392615373
955.5	5.0
956.0	5.0
956.07	44.49814154362447
956.43	44.49814154362447
956.5	5.0
957.0	5.0
957.07	56.98816731100841
957.43	56.98816731100841
957.5	5.0
958.0	5.0
958.07	64.02367025957848
958.43	64.02367025957848
958.5	5.0
959.0	5.0
959.07	60.84655137370986
959.43	60.84655137370986
959.5	5.0
960.0	5.0
960.07	58.76088353837234
960.43	58.76088353837234
960.5	5.0
961.0	5.0
961.07	42.404169605624226
961.43	42.404169605624226
961.5	5.0
962.0	5.0
962.07	60.14317688786806
962.43	60.14317688786806
962.5	5.0
963.0	5.0
963.07	62.78742132174619
963.43	62.78742132174619
963.5	5.0
964.0	5.0
964.07	48.849119446917534
964.43	48.849119446917534
964.5	5.0
965.0	5.0
965.07	66.13729197329484
965.43	66.13729197329484
965.5	5.0
966.0	5.0
966.07	59.001604206073964
966.43	59.001604206073964
966.5	5.0
967.0	5.0
967.07	43.63962635673267
967.43	43.63962635673267
967.5	5.0
968.0	5.0
968.07	55.28847880102027
968.43	55.28847880102027
968.5	5.0
969.0	5.0
969.07	48.71909797050012
969.43	48.71909797050012
969.5	5.0
970.0	5.0
970.07	67.97984141984196
970.43	67.97984141984196
970.5	5.0
971.0	5.0
971.07	56.9313353958315
971.43	56.9313353958315
971.5	5.0
972.0	5.0
972.07	46.935976026063464
972.43	46.935976026063464
972.5	5.0
973.0	5.0
973.07	45.8466318287776
973.43	45.8466318287776
973.5	5.0
974.0	5.0
974.07	55.587915578974474
974.43	55.587915578974474
974.5	5.0
975.0	5.0
975.07	62.48579863975917
975.43	62.48579863975917
975.5	5.0
976.0	5.0
976.07	55.77311118081622
976.43	55.77311118081622
976.5	5.0
977.0	5.0
977.07	55.498404854051856
977.43	55.498404854051856
977.5	5.0
978.0	5.0
978.07	42.36326777260889
978.43	42.36326777260889
978.5	5.0
979.0	5.0
979.07	54.54147882274678
979.43	54.54147882274678
979.5	5.0
980.0	5.0
980.07	45.224714314713324
980.43	45.224714314713324
980.5	5.0
981.0	5.0
981.07	49.00253808042291
981.43	49.00253808042291
981.5	5.0
982.0	5.0
982.07	63.32234052903587
982.43	63.32234052903587
982.5	5.0
983.0	5.0
983.07	54.31915029624114
983.43	54.31915029624114
983.5	5.0
984.0	5.0
984.07	53.84852589485529
984.43	53.84852589485529
984.5	5.0
985.0	5.0
985.07	44.6193319407945
985.43	44.6193319407945
985.5	5.0
986.0	5.0
986.07	52.00013894417562
986.43	52.00013894417562
986.5	5.0
987.0	5.0
987.07	45.19864024486296
987.43	45.19864024486296
987.5	5.0
988.0	5.0
988.07	47.476400125214745
988.43	47.476400125214745
988.5	5.0
989.0	5.0
989.07	47.56959124779022
989.43	47.56959124779022
989.5	5.0
990.0	5.0
990.07	53.79721586681948
990.43	53.79721586681948
990.5	5.0
991.0	5.0
991.07	59.849951144047125
991.43	59.849951144047125
991.5	5.0
992.0	5.0
992.07	54.3442040655959
992.43	54.3442040655959
992.5	5.0
993.0	5.0
993.07	43.694678900344385
993.43	43.694678900344385
993.5	5.0
994.0	5.0
994.07	63.21145755845444
994.43	63.21145755845444
994.5	5.0
995.0	5.0
995.07	62.84558789897873
995.43	62.84558789897873
995.5	5.0
996.0	5.0
996.07	50.339385967866775
996.43	50.339385967866775
996.5	5.0
997.0	5.0
997.07	45.5664888038914
997.43	45.5664888038914
997.5	5.0
998.0	5.0
998.07	60.312976853127154
998.43	60.312976853127154
998.5	5.0
999.0	5.0
999.07	42.010360707242114
999.43	42.010360707242114
999.5	5.0
1000.0	5.0
1000.07	46.859989436939806
1000.43	46.859989436939806
1000.5	5.0
1001.0	5.0
1001.07	55.46112653773073
1001.43	55.46112653773073
1001.5	5.0
1002.0	5.0
1002.07	67.10471467041776
1002.43	67.10471467041776
1002.5	5.0
1003.0	5.0
1003.07	58.20548229592033
1003.43	58.20548229592033
1003.5	5.0
1004.0	5.0
1004.07	61.920843762968445
1004.43	61.920843762968445
1004.5	5.0
1005.0	5.0
1005.07	44.73683292338919
1005.43	44.73683292338919
1005.5	5.0
1006.0	5.0
1006.07	57.02583991572515
1006.43	57.02583991572515
1006.5	5.0
1007.0	5.0
1007.07	46.34587138790893
1007.43	46.34587138790893
1007.5	5.0
1008.0	5.0
1008.07	54.69280880158901
1008.43	54.69280880158901
1008.5	5.0
1009.0	5.0
1009.07	69.76206578437987
1009.43	69.76206578437987
1009.5	5.0
1010.0	5.0
1010.07	63.6917078398725
1010.43	63.6917078398725
1010.5	5.0
1011.0	5.0
1011.07	64.67216824129709
1011.43	64.67216824129709
1011.5	5.0
1012.0	5.0
1012.07	55.14923052308295
1012.43	55.14923052308295
1012.5	5.0
1013.0	5.0
1013.07	59.55501115828545
1013.43	59.55501115828545
1013.5	5.0
1014.0	5.0
1014.07	42.13427003899033
1014.43	42.13427003899033
1014.5	5.0
1015.0	5.0
1015.07	46.73875465509493
1015.43	46.73875465509493
1015.5	5.0
1016.0	5.0
1016.07	61.926746285223075
1016.43	61.926746285223075
1016.5	5.0
1017.0	5.0
1017.07	48.83850575199063
1017.43	48.83850575199063
1017.5	5.0
1018.0	5.0
1018.07	53.754347178638625
1018.43	53.754347178638625
1018.5	5.0
1019.0	5.0
1019.07	65.74200191745477
1019.43	65.74200191745477
1019.5	5.0
1020.0	5.0
1020.07	41.06305108032063
1020.43	41.06305108032063
1020.5	5.0
1021.0	5.0
1021.07	42.30209099347055
1021.43	42.30209099347055
1021.5	5.0
1022.0	5.0
1022.07	47.13978960866033
1022.43	47.13978960866033
1022.5	5.0
1023.0	5.0
1023.07	64.73381168784525
1023.43	64.73381168784525
1023.5	5.0
1024.0	5.0
1024.07	53.17839704758183
1024.43	53.17839704758183
1024.5	5.0
1025.0	5.0
1025.07	68.64919433337153
1025.43	68.64919433337153
1025.5	5.0
1026.0	5.0
1026.07	66.21948236511857
1026.43	66.21948236511857
1026.5	5.0
1027.0	5.0
1027.07	51.90268279665632
1027.43	51.90268279665632
1027.5	5.0
1028.0	5.0
1028.07	65.41813245227311
1028.43	65.41813245227311
1028.5	5.0
1029.0	5.0
1029.07	60.141750884101725
1029.43	60.141750884101725
1029.5	5.0
1030.0	5.0
1030.07	67.11035552041216
1030.43	67.11035552041216
1030.5	5.0
1031.0	5.0
1031.07	54.92893230423394
1031.43	54.92893230423394
1031.5	5.0
1032.0	5.0
1032.07	58.373876553587046
1032.43	58.373876553587046
1032.5	5.0
1033.0	5.0
1033.07	51.137552785238135
1033.43	51.137552785238135
1033.5	5.0
1034.0	5.0
1034.07	60.89284338512592
1034.43	60.89284338512592
1034.5	5.0
1035.0	5.0
1035.07	42.575770033476495
1035.43	42.575770033476495
1035.5	5.0
1036.0	5.0
1036.07	52.03255465819878
1036.43	52.03255465819878
1036.5	5.0
1037.0	5.0
1037.07	60.103439752017934
1037.43	60.103439752017934
1037.5	5.0
1038.0	5.0
1038.07	44.39795014358156
1038.43	44.39795014358156
1038.5	5.0
1039.0	5.0
1039.07	57.19423686286384
1039.43	57.19423686286384
1039.5	5.0
1040.0	5.0
1040.07	68.05821804172277
1040.43	68.05821804172277
1040.5	5.0
1041.0	5.0
1041.07	47.810415559367286
1041.43	47.810415559367286
1041.5	5.0
1042.0	5.0
1042.07	46.155913496099515
1042.43	46.155913496099515
1042.5	5.0
1043.0	5.0
1043.07	42.12084566315953
1043.43	42.12084566315953
1043.5	5.0
1044.0	5.0
1044.07	63.48699450641009
1044.43	63.48699450641009
1044.5	5.0
1045.0	5.0
1045.07	42.47568778971283
1045.43	42.47568778971283
1045.5	5.0
1046.0	5.0
1046.07	55.599072402814684
1046.43	55.599072402814684
1046.5	5.0
1047.0	5.0
1047.07	56.58177320381917
1047.43	56.58177320381917
1047.5	5.0
1048.0	5.0
1048.07	59.875875164847116
1048.43	59.875875164847116
1048.5	5.0
1049.0	5.0
1049.07	40.12286004375969
1049.43	40.12286004375969
1049.5	5.0
1050.0	5.0
1050.07	47.092509824358814
1050.43	47.092509824358814
1050.5	5.0
1051.0	5.0
1051.07	51.65497192982473
1051.43	51.65497192982473
1051.5	5.0
1052.0	5.0
1052.07	58.47988126401979
1052.43	58.47988126401979
1052.5	5.0
1053.0	5.0
1053.07	68.31286820866512
1053.43	68.31286820866512
1053.5	5.0
1054.0	5.0
1054.07	66.94727243807075
1054.43	66.94727243807075
1054.5	5.0
1055.0	5.0
1055.07	49.04818366129552
1055.43	49.04818366129552
1055.5	5.0
1056.0	5.0
1056.07	58.640466815777835
1056.43	58.640466815777835
1056.5	5.0
1057.0	5.0
1057.07	64.88156803399383
1057.43	64.88156803399383
1057.5	5.0
1058.0	5.0
1058.07	69.9819417909232
1058.43	69.9819417909232
1058.5	5.0
1059.0	5.0
1059.07	60.91910592710072
1059.43	60.91910592710072
1059.5	5.0
1060.0	5.0
1060.07	47.88900290700005
1060.43	47.88900290700005
1060.5	5.0
1061.0	5.0
1061.07	68.47172720729816
1061.43	68.47172720729816
1061.5	5.0
1062.0	5.0
1062.07	56.16700089351727
1062.43	56.16700089351727
1062.5	5.0
1063.0	5.0
1063.07	56.354640105938174
1063.43	56.354640105938174
1063.5	5.0
1064.0	5.0
1064.07	45.654231724779535
1064.43	45.654231724779535
1064.5	5.0
1065.0	5.0
1065.07	41.01335711537414
1065.43	41.01335711537414
1065.5	5.0
1066.0	5.0
1066.07	42.66178890336167
1066.43	42.66178890336167
1066.5	5.0
1067.0	5.0
1067.07	49.510035352270975
1067.43	49.510035352270975
1067.5	5.0
1068.0	5.0
1068.07	56.66652841246247
1068.43	56.66652841246247
1068.5	5.0
1069.0	5.0
1069.07	61.40652510886784
1069.43	61.40652510886784
1069.5	5.0
1070.0	5.0
1070.07	57.19272700224666
1070.43	57.19272700224666
1070.5	5.0
1071.0	5.0
1071.07	42.46839669913079
1071.43	42.46839669913079
1071.5	5.0
1072.0	5.0
1072.07	49.61801632268451
1072.43	49.61801632268451
1072.5	5.0
1073.0	5.0
1073.07	53.32244905846547
1073.43	53.32244905846547
1073.5	5.0
1074.0	5.0
1074.07	63.78462154241379
1074.43	63.78462154241379
1074.5	5.0
1075.0	5.0
1075.07	65.60290859606738
1075.43	65.60290859606738
1075.5	5.0
1076.0	5.0
1076.07	49.07862713390243
1076.43	49.07862713390243
1076.5	5.0
1077.0	5.0
1077.07	61.6765067023401
1077.43	61.6765067023401
1077.5	5.0
1078.0	5.0
1078.07	63.21514392343845
1078.43	63.21514392343845
1078.5	5.0
1079.0	5.0
1079.07	44.277507891878855
1079.43	44.277507891878855
1079.5	5.0
1080.0	5.0
1080.07	53.955670710043506
1080.43	53.955670710043506
1080.5	5.0
1081.0	5.0
1081.07	66.40317539573329
1081.43	66.40317539573329
1081.5	5.0
1082.0	5.0
1082.07	65.54293605039207
1082.43	65.54293605039207
1082.5	5.0
1083.0	5.0
1083.07	49.813979145882534
1083.43	49.813979145882534
1083.5	5.0
1084.0	5.0
1084.07	43.790180784159375
1084.43	43.790180784159375
1084.5	5.0
1085.0	5.0
1085.07	60.72531439057332
1085.43	60.72531439057332
1085.5	5.0
1086.0	5.0
1086.07	52.17025683476438
1086.43	52.17025683476438
1086.5	5.0
1087.0	5.0
1087.07	60.90054557985209
1087.43	60.90054557985209
1087.5	5.0
1088.0	5.0
1088.07	68.99261721267408
1088.43	68.99261721267408
1088.5	5.0
1089.0	5.0
1089.07	64.76510645058843
1089.43	64.76510645058843
1089.5	5.0
1090.0	5.0
1090.07	67.49029574578512
1090.43	67.49029574578512
1090.5	5.0
1091.0	5.0
1091.07	64.20732932912911
1091.43	64.20732932912911
1091.5	5.0
1092.0	5.0
1092.07	54.072128853422086
1092.43	54.072128853422086
1092.5	5.0
1093.0	5.0
1093.07	47.54473937072119
1093.43	47.54473937072119
1093.5	5.0
1094.0	5.0
1094.07	52.20428767027039
1094.43	52.20428767027039
1094.5	5.0
1095.0	5.0
1095.07	64.69296408443476
1095.43	64.69296408443476
1095.5	5.0
1096.0	5.0
1096.07	66.64846454243552
1096.43	66.64846454243552
1096.5	5.0
1097.0	5.0
1097.07	51.792852382738765
1097.43	51.792852382738765
1097.5	5.0
1098.0	5.0
1098.07	66.71440377136825
1098.43	66.71440377136825
1098.5	5.0
1099.0	5.0
1099.07	42.010970958001764
1099.43	42.010970958001764
1099.5	5.0
1100.0	5.0
1100.07	43.718634344598065
1100.43	43.718634344598065
1100.5	5.0
1101.0	5.0
1101.07	49.42759603136274
1101.43	49.42759603136274
1101.5	5.0
1102.0	5.0
1102.07	52.06497919224256
1102.43	52.06497919224256
1102.5	5.0
1103.0	5.0
1103.07	67.60926788724797
1103.43	67.60926788724797
1103.5	5.0
1104.0	5.0
1104.07	59.58036092190817
1104.43	59.58036092190817
1104.5	5.0
1105.0	5.0
1105.07	52.06784270583729
1105.43	52.06784270583729
1105.5	5.0
1106.0	5.0
1106.07	54.9533899030372
1106.43	54.9533899030372
1106.5	5.0
1107.0	5.0
1107.07	55.77503720537309
1107.43	55.77503720537309
1107.5	5.0
1108.0	5.0
1108.07	52.926801281397445
1108.43	52.926801281397445
1108.5	5.0
1109.0	5.0
1109.07	54.22410342005405
1109.43	54.22410342005405
1109.5	5.0
1110.0	5.0
1110.07	45.03223205324473
1110.43	45.03223205324473
1110.5	5.0
1111.0	5.0
1111.07	56.98879081195148
1111.43	56.98879081195148
1111.5	5.0
1112.0	5.0
1112.07	48.22536825233664
1112.43	48.22536825233664
1112.5	5.0
1113.0	5.0
1113.07	54.171303435939265
1113.43	54.171303435939265
1113.5	5.0
1114.0	5.0
1114.07	41.91059327499962
1114.43	41.91059327499962
1114.5	5.0
1115.0	5.0
1115.07	42.98698875133246
1115.43	42.98698875133246
1115.5	5.0
1116.0	5.0
1116.07	56.10920064531841
1116.43	56.10920064531841
1116.5	5.0
1117.0	5.0
1117.07	59.59881903260812
1117.43	59.59881903260812
1117.5	5.0
1118.0	5.0
1118.07	51.56225246737577
1118.43	51.56225246737577
1118.5	5.0
1119.0	5.0
1119.07	54.95437641871992
1119.43	54.95437641871992
1119.5	5.0
1120.0	5.0
1120.07	66.75970321073027
1120.43	66.75970321073027
1120.5	5.0
1121.0	5.0
1121.07	56.06353389948676
1121.43	56.06353389948676
1121.5	5.0
1122.0	5.0
1122.07	45.67511078410606
1122.43	45.67511078410606
1122.5	5.0
1123.0	5.0
1123.07	67.44756033512637
1123.43	67.44756033512637
1123.5	5.0
1124.0	5.0
1124.07	67.1774699540407
1124.43	67.1774699540407
1124.5	5.0
1125.0	5.0
1125.07	40.47555221771864
1125.43	40.47555221771864
1125.5	5.0
1126.0	5.0
1126.07	52.25580945098239
1126.43	52.25580945098239
1126.5	5.0
1127.0	5.0
1127.07	50.43362809910826
1127.43	50.43362809910826
1127.5	5.0
1128.0	5.0
1128.07	50.865947742840916
1128.43	50.865947742840916
1128.5	5.0
1129.0	5.0
1129.07	41.917948285346
1129.43	41.917948285346
1129.5	5.0
1130.0	5.0
1130.07	45.98346260531244
1130.43	45.98346260531244
1130.5	5.0
1131.0	5.0
1131.07	67.52080065473982
1131.43	67.52080065473982
1131.5	5.0
1132.0	5.0
1132.07	61.54121702353431
1132.43	61.54121702353431
1132.5	5.0
1133.0	5.0
1133.07	64.51552261805926
1133.43	64.51552261805926
1133.5	5.0
1134.0	5.0
1134.07	46.10901443909347
1134.43	46.10901443909347
1134.5	5.0
1135.0	5.0
1135.07	63.135786093472525
1135.43	63.135786093472525
1135.5	5.0
1136.0	5.0
1136.07	61.56653699956524
1136.43	61.56653699956524
1136.5	5.0
1137.0	5.0
1137.07	52.57233840298859
1137.43	52.57233840298859
1137.5	5.0
1138.0	5.0
1138.07	49.65982971025367
1138.43	49.65982971025367
1138.5	5.0
1139.0	5.0
1139.07	51.81752735461677
1139.43	51.81752735461677
1139.5	5.0
1140.0	5.0
1140.07	41.83811466067578
1140.43	41.83811466067578
1140.5	5.0
1141.0	5.0
1141.07	44.786701086610336
1141.43	44.786701086610336
1141.5	5.0
1142.0	5.0
1142.07	42.49189613182878
1142.43	42.49189613182878
1142.5	5.0
1143.0	5.0
1143.07	48.75384238961107
1143.43	48.75384238961107
1143.5	5.0
1144.0	5.0
1144.07	58.96677500894228
1144.43	58.96677500894228
1144.5	5.0
1145.0	5.0
1145.07	62.71460299136826
1145.43	62.71460299136826
1145.5	5.0
1146.0	5.0
1146.07	59.89937276253768
1146.43	59.89937276253768
1146.5	5.0
1147.0	5.0
1147.07	53.283997597688504
1147.43	53.283997597688504
1147.5	5.0
1148.0	5.0
1148.07	54.42951954925533
1148.43	54.42951954925533
1148.5	5.0
1149.0	5.0
1149.07	67.17811104375176
1149.43	67.17811104375176
1149.5	5.0
1150.0	5.0
1150.07	49.78524276666234
1150.43	49.78524276666234
1150.5	5.0
1151.0	5.0
1151.07	53.84830497459953
1151.43	53.84830497459953
1151.5	5.0
1152.0	5.0
1152.07	66.44406050118228
1152.43	66.44406050118228
1152.5	5.0
1153.0	5.0
1153.07	59.59839666517407
1153.43	59.59839666517407
1153.5	5.0
1154.0	5.0
1154.07	50.894229142399226
1154.43	50.894229142399226
1154.5	5.0
1155.0	5.0
1155.07	57.24772501328037
1155.43	57.24772501328037
1155.5	5.0
1156.0	5.0
1156.07	68.31355978873609
1156.43	68.31355978873609
1156.5	5.0
1157.0	5.0
1157.07	54.8885807280956
1157.43	54.8885807280956
1157.5	5.0
1158.0	5.0
1158.07	61.96150502844111
1158.43	61.96150502844111
1158.5	5.0
1159.0	5.0
1159.07	53.20283217270255
1159.43	53.20283217270255
1159.5	5.0
1160.0	5.0
1160.07	51.875142835231614
1160.43	51.875142835231614
1160.5	5.0
1161.0	5.0
1161.07	49.106650715351705
1161.43	49.106650715351705
1161.5	5.0
1162.0	5.0
1162.07	58.29235186250546
1162.43	58.29235186250546
1162.5	5.0
1163.0	5.0
1163.07	49.45428869585551
1163.43	49.45428869585551
1163.5	5.0
1164.0	5.0
1164.07	63.452815363970124
1164.43	63.452815363970124
1164.5	5.0
1165.0	5.0
1165.07	48.76738663022884
1165.43	48.76738663022884
1165.5	5.0
1166.0	5.0
1166.07	47.8755904396322
1166.43	47.8755904396322
1166.5	5.0
1167.0	5.0
1167.07	60.36616013177148
1167.43	60.36616013177148
1167.5	5.0
1168.0	5.0
1168.07	69.52231765718754
1168.43	69.52231765718754
1168.5	5.0
1169.0	5.0
1169.07	60.136819530030955
1169.43	60.136819530030955
1169.5	5.0
1170.0	5.0
1170.07	43.94111864836117
1170.43	43.94111864836117
1170.5	5.0
1171.0	5.0
1171.07	59.861010242914915
1171.43	59.861010242914915
1171.5	5.0
1172.0	5.0
1172.07	42.56436263899273
1172.43	42.56436263899273
1172.5	5.0
1173.0	5.0
1173.07	63.20109770773338
1173.43	63.20109770773338
1173.5	5.0
1174.0	5.0
1174.07	55.3805404763634
1174.43	55.3805404763634
1174.5	5.0
1175.0	5.0
1175.07	52.92089161526913
1175.43	52.92089161526913
1175.5	5.0
1176.0	5.0
1176.07	48.06614630582198
1176.43	48.06614630582198
1176.5	5.0
1177.0	5.0
1177.07	51.58885514781613
1177.43	51.58885514781613
1177.5	5.0
1178.0	5.0
1178.07	47.97540525481709
1178.43	47.97540525481709
1178.5	5.0
1179.0	5.0
1179.07	52.643422740476495
1179.43	52.643422740476495
1179.5	5.0
1180.0	5.0
1180.07	54.13792110926727
1180.43	54.13792110926727
1180.5	5.0
1181.0	5.0
1181.07	54.23339903401341
1181.43	54.23339903401341
1181.5	5.0
1182.0	5.0
1182.07	43.906747420765484
1182.43	43.906747420765484
1182.5	5.0
1183.0	5.0
1183.07	60.78309348369113
1183.43	60.78309348369113
1183.5	5.0
1184.0	5.0
1184.07	48.53887562822756
1184.43	48.53887562822756
1184.5	5.0
1185.0	5.0
1185.07	46.98267929495383
1185.43	46.98267929495383
1185.5	5.0
1186.0	5.0
1186.07	63.2811142683008
1186.43	63.2811142683008
1186.5	5.0
1187.0	5.0
1187.07	67.56399511695115
1187.43	67.56399511695115
1187.5	5.0
1188.0	5.0
1188.07	60.83260454913783
1188.43	60.83260454913783
1188.5	5.0
1189.0	5.0
1189.07	63.22405790041248
1189.43	63.22405790041248
1189.5	5.0
1190.0	5.0
1190.07	59.39283633375585
1190.43	59.39283633375585
1190.5	5.0
1191.0	5.0
1191.07	51.44742712142465
1191.43	51.44742712142465
1191.5	5.0
1192.0	5.0
1192.07	56.77393687431551
1192.43	56.77393687431551
1192.5	5.0
1193.0	5.0
1193.07	68.40519539250919
1193.43	68.40519539250919
1193.5	5.0
1194.0	5.0
1194.07	56.35500553660879
1194.43	56.35500553660879
1194.5	5.0
1195.0	5.0
1195.07	51.57469077922321
1195.43	51.57469077922321
1195.5	5.0
1196.0	5.0
1196.07	56.54832234199889
1196.43	56.54832234199889
1196.5	5.0
1197.0	5.0
1197.07	69.39691472529964
1197.43	69.39691472529964
1197.5	5.0
1198.0	5.0
1198.07	52.30883848572241
1198.43	52.30883848572241
1198.5	5.0
1199.0	5.0
1199.07	53.468966327629246
1199.43	53.468966327629246
1199.5	5.0
1200.0	5.0
1200.07	54.69387778219023
1200.43	54.69387778219023
1200.5	5.0
1201.0	5.0
1201.07	50.89852602794452
1201.43	50.89852602794452
1201.5	5.0
1202.0	5.0
1202.07	56.94127523912081
1202.43	56.94127523912081
1202.5	5.0
1203.0	5.0
1203.07	65.75920449544326
1203.43	65.75920449544326
1203.5	5.0
1204.0	5.0
1204.07	59.55424874159828
1204.43	59.55424874159828
1204.5	5.0
1205.0	5.0
1205.07	42.486644753296176
1205.43	42.486644753296176
1205.5	5.0
1206.0	5.0
1206.07	56.32194638845712
1206.43	56.32194638845712
1206.5	5.0
1207.0	5.0
1207.07	69.12311930195645
1207.43	69.12311930195645
1207.5	5.0
1208.0	5.0
1208.07	58.37721163873756
1208.43	58.37721163873756
1208.5	5.0
1209.0	5.0
1209.07	66.23941765312094
1209.43	66.23941765312094
1209.5	5.0
1210.0	5.0
1210.07	53.86705984729742
1210.43	53.86705984729742
1210.5	5.0
1211.0	5.0
1211.07	58.13718005422042
1211.43	58.13718005422042
1211.5	5.0
1212.0	5.0
1212.07	50.805290723317235
1212.43	50.805290723317235
1212.5	5.0
1213.0	5.0
1213.07	41.05465921208846
1213.43	41.05465921208846
1213.5	5.0
1214.0	5.0
1214.07	60.46584660094189
1214.43	60.46584660094189
1214.5	5.0
1215.0	5.0
1215.07	60.29679847671244
1215.43	60.29679847671244
1215.5	5.0
1216.0	5.0
1216.07	64.99637295067674
1216.43	64.99637295067674
1216.5	5.0
1217.0	5.0
1217.07	45.94292029654486
1217.43	45.94292029654486
1217.5	5.0
1218.0	5.0
1218.07	66.48781836500908
1218.43	66.48781836500908
1218.5	5.0
1219.0	5.0
1219.07	61.82830740780234
1219.43	61.82830740780234
1219.5	5.0
1220.0	5.0
1220.07	44.811069891190556
1220.43	44.811069891190556
1220.5	5.0
1221.0	5.0
1221.07	58.65963160641937
1221.43	58.65963160641937
1221.5	5.0
1222.0	5.0
1222.07	45.837270870423254
1222.43	45.837270870423254
1222.5	5.0
1223.0	5.0
1223.07	41.63224007219613
1223.43	41.63224007219613
1223.5	5.0
1224.0	5.0
1224.07	61.31096997592424
1224.43	61.31096997592424
1224.5	5.0
1225.0	5.0
1225.07	41.3286450035188
1225.43	41.3286450035188
1225.5	5.0
1226.0	5.0
1226.07	62.4987782717316
1226.43	62.4987782717316
1226.5	5.0
1227.0	5.0
1227.07	65.5075475568812
1227.43	65.5075475568812
1227.5	5.0
1228.0	5.0
1228.07	45.25665671919176
1228.43	45.25665671919176
1228.5	5.0
1229.0	5.0
1229.07	45.287713226775594
1229.43	45.287713226775594
1229.5	5.0
1230.0	5.0
1230.07	56.45205647065064
1230.43	56.45205647065064
1230.5	5.0
1231.0	5.0
1231.07	41.127002852555535
1231.43	41.127002852555535
1231.5	5.0
1232.0	5.0
1232.07	42.839649451288764
1232.43	42.839649451288764
1232.5	5.0
1233.0	5.0
1233.07	57.4597582975057
1233.43	57.4597582975057
1233.5	5.0
1234.0	5.0
1234.07	40.46753397208506
1234.43	40.46753397208506
1234.5	5.0
1235.0	5.0
1235.07	61.3705988111424
1235.43	61.3705988111424
1235.5	5.0
1236.0	5.0
1236.07	43.98473025984959
1236.43	43.98473025984959
1236.5	5.0
1237.0	5.0
1237.07	65.90220879681671
1237.43	65.90220879681671
1237.5	5.0
1238.0	5.0
1238.07	46.47291279547454
1238.43	46.47291279547454
1238.5	5.0
1239.0	5.0
1239.07	59.01857946564618
1239.43	59.01857946564618
1239.5	5.0
1240.0	5.0
1240.07	52.0446117755502
1240.43	52.0446117755502
1240.5	5.0
1241.0	5.0
1241.07	50.54431223593831
1241.43	50.54431223593831
1241.5	5.0
1242.0	5.0
1242.07	54.12204056471856
1242.43	54.12204056471856
1242.5	5.0
1243.0	5.0
1243.07	42.975991933076024
1243.43	42.975991933076024
1243.5	5.0
1244.0	5.0
1244.07	63.4822171547523
1244.43	63.4822171547523
1244.5	5.0
1245.0	5.0
1245.07	58.02526377493315
1245.43	58.02526377493315
1245.5	5.0
1246.0	5.0
1246.07	64.46059447211286
1246.43	64.46059447211286
1246.5	5.0
1247.0	5.0
1247.07	64.95824703574075
1247.43	64.95824703574075
1247.5	5.0
1248.0	5.0
1248.07	56.20593678975152
1248.43	56.20593678975152
1248.5	5.0
1249.0	5.0
1249.07	51.41025237168763
1249.43	51.41025237168763
1249.5	5.0
1250.0	5.0
1250.07	51.63819405836413
1250.43	51.63819405836413
1250.5	5.0
1251.0	5.0
1251.07	43.914286136200346
1251.43	43.914286136200346
1251.5	5.0
1252.0	5.0
1252.07	65.31206263221435
1252.43	65.31206263221435
1252.5	5.0
1253.0	5.0
1253.07	54.573836422071516
1253.43	54.573836422071516
1253.5	5.0
1254.0	5.0
1254.07	63.64152060174394
1254.43	63.64152060174394
1254.5	5.0
1255.0	5.0
1255.07	44.012347972038356
1255.43	44.012347972038356
1255.5	5.0
1256.0	5.0
1256.07	55.701876488816
1256.43	55.701876488816
1256.5	5.0
1257.0	5.0
1257.07	56.580472042407905
1257.43	56.580472042407905
1257.5	5.0
1258.0	5.0
1258.07	59.949895815350644
1258.43	59.949895815350644
1258.5	5.0
1259.0	5.0
1259.07	54.46867804977931
1259.43	54.46867804977931
1259.5	5.0
1260.0	5.0
1260.07	54.5
1260.43	54.5
1260.5	5.0
1261.0	5.0
1261.07	54.0
1261.43	54.0
1261.5	5.0
1262.0	5.0
1262.07	53.5
1262.43	53.5
1262.5	5.0
1263.0	5.0
1263.07	53.0
1263.43	53.0
1263.5	5.0
1264.0	5.0
1264.07	52.5
1264.43	52.5
1264.5	5.0
1265.0	5.0
1265.07	52.0
1265.43	52.0
1265.5	5.0
1266.0	5.0
1266.07	51.5
1266.43	51.5
1266.5	5.0
1267.0	5.0
1267.07	51.0
1267.43	51.0
1267.5	5.0
1268.0	5.0
1268.07	50.5
1268.43	50.5
1268.5	5.0
1269.0	5.0
1269.07	50.0
1269.43	50.0
1269.5	5.0
1270.0	5.0
1270.07	49.5
1270.43	49.5
1270.5	5.0
1271.0	5.0
1271.07	49.0
1271.43	49.0
1271.5	5.0
1272.0	5.0
1272.07	48.5
1272.43	48.5
1272.5	5.0
1273.0	5.0
1273.07	48.0
1273.43	48.0
1273.5	5.0
1274.0	5.0
1274.07	47.5
1274.43	47.5
1274.5	5.0
1275.0	5.0
1275.07	47.0
1275.43	47.0
1275.5	5.0
1276.0	5.0
1276.07	46.5
1276.43	46.5
1276.5	5.0
1277.0	5.0
1277.07	46.0
1277.43	46.0
1277.5	5.0
1278.0	5.0
1278.07	45.5
1278.43	45.5
1278.5	5.0
1279.0	5.0
1279.07	45.0
1279.43	45.0
1279.5	5.0
1280.0	5.0
1280.07	44.5
1280.43	44.5
1280.5	5.0
1281.0	5.0
1281.07	44.0
1281.43	44.0
1281.5	5.0
1282.0	5.0
1282.07	43.5
1282.43	43.5
1282.5	5.0
1283.0	5.0
1283.07	43.0
1283.43	43.0
1283.5	5.0
1284.0	5.0
1284.07	42.5
1284.43	42.5
1284.5	5.0
1285.0	5.0
1285.07	42.0
1285.43	42.0
1285.5	5.0
1286.0	5.0
1286.07	41.5
1286.43	41.5
1286.5	5.0
1287.0	5.0
1287.07	41.0
1287.43	41.0
1287.5	5.0
1288.0	5.0
1288.07	40.5
1288.43	40.5
1288.5	5.0
1289.0	5.0
1289.07	40.0
1289.43	40.0
1289.5	5.0
1290.0	5.0
1290.07	39.5
1290.43	39.5
1290.5	5.0
1291.0	5.0
1291.07	39.0
1291.43	39.0
1291.5	5.0
1292.0	5.0
1292.07	38.5
1292.43	38.5
1292.5	5.0
1293.0	5.0
1293.07	38.0
1293.43	38.0
1293.5	5.0
1294.0	5.0
1294.07	37.5
1294.43	37.5
1294.5	5.0
1295.0	5.0
1295.07	37.0
1295.43	37.0
1295.5	5.0
1296.0	5.0
1296.07	36.5
1296.43	36.5
1296.5	5.0
1297.0	5.0
1297.07	36.0
1297.43	36.0
1297.5	5.0
1298.0	5.0
1298.07	35.5
1298.43	35.5
1298.5	5.0
1299.0	5.0
1299.07	35.0
1299.43	35.0
1299.5	5.0
1300.0	5.0
1300.07	34.5
1300.43	34.5
1300.5	5.0
1301.0	5.0
1301.07	34.0
1301.43	34.0
1301.5	5.0
1302.0	5.0
1302.07	33.5
1302.43	33.5
1302.5	5.0
1303.0	5.0
1303.07	33.0
1303.43	33.0
1303.5	5.0
1304.0	5.0
1304.07	32.5
1304.43	32.5
1304.5	5.0
1305.0	5.0
1305.07	32.0
1305.43	32.0
1305.5	5.0
1306.0	5.0
1306.07	31.5
1306.43	31.5
1306.5	5.0
1307.0	5.0
1307.07	31.0
1307.43	31.0
1307.5	5.0
1308.0	5.0
1308.07	30.5
1308.43	30.5
1308.5	5.0
1309.0	5.0
1309.07	30.0
1309.43	30.0
1309.5	5.0
1310.0	5.0
1310.07	29.5
1310.43	29.5
1310.5	5.0
1311.0	5.0
1311.07	29.0
1311.43	29.0
1311.5	5.0
1312.0	5.0
1312.07	28.5
1312.43	28.5
1312.5	5.0
1313.0	5.0
1313.07	28.0
1313.43	28.0
1313.5	5.0
1314.0	5.0
1314.07	27.5
1314.43	27.5
1314.5	5.0
1315.0	5.0
1315.07	27.0
1315.43	27.0
1315.5	5.0
1316.0	5.0
1316.07	26.5
1316.43	26.5
1316.5	5.0
1317.0	5.0
1317.07	26.0
1317.43	26.0
1317.5	5.0
1318.0	5.0
1318.07	25.5
1318.43	25.5
1318.5	5.0
1319.0	5.0
1319.07	25.0
1319.43	25.0
1319.5	5.0
1320.0	5.0
1320.07	24.5
1320.43	24.5
1320.5	5.0
1321.0	5.0
1321.07	24.0
1321.43	24.0
1321.5	5.0
1322.0	5.0
1322.07	23.5
1322.43	23.5
1322.5	5.0
1323.0	5.0
1323.07	23.0
1323.43	23.0
1323.5	5.0
1324.0	5.0
1324.07	22.5
1324.43	22.5
1324.5	5.0
1325.0	5.0
1325.07	22.0
1325.43	22.0
1325.5	5.0
1326.0	5.0
1326.07	21.5
1326.43	21.5
1326.5	5.0
1327.0	5.0
1327.07	21.0
1327.43	21.0
1327.5	5.0
1328.0	5.0
1328.07	20.5
1328.43	20.5
1328.5	5.0
1329.0	5.0
1329.07	20.0
1329.43	20.0
1329.5	5.0
1330.0	5.0
1330.07	19.5
1330.43	19.5
1330.5	5.0
1331.0	5.0
1331.07	19.0
1331.43	19.0
1331.5	5.0
1332.0	5.0
1332.07	18.5
1332.43	18.5
1332.5	5.0
1333.0	5.0
1333.07	18.0
1333.43	18.0
1333.5	5.0
1334.0	5.0
1334.07	17.5
1334.43	17.5
1334.5	5.0
1335.0	5.0
1335.07	17.0
1335.43	17.0
1335.5	5.0
1336.0	5.0
1336.07	16.5
1336.43	16.5
1336.5	5.0
1337.0	5.0
1337.07	16.0
1337.43	16.0
1337.5	5.0
1338.0	5.0
1338.07	15.5
1338.43	15.5
1338.5	5.0
1339.0	5.0
1339.07	15.0
1339.43	15.0
1339.5	5.0
1340.0	5.0
1340.07	14.5
1340.43	14.5
1340.5	5.0
1341.0	5.0
1341.07	14.0
1341.43	14.0
1341.5	5.0
1342.0	5.0
1342.07	13.5
1342.43	13.5
1342.5	5.0
1343.0	5.0
1343.07	13.0
1343.43	13.0
1343.5	5.0
1344.0	5.0
1344.07	12.5
1344.43	12.5
1344.5	5.0
1345.0	5.0
1345.07	12.0
1345.43	12.0
1345.5	5.0
1346.0	5.0
1346.07	11.5
1346.43	11.5
1346.5	5.0
1347.0	5.0
1347.07	11.0
1347.43	11.0
1347.5	5.0
1348.0	5.0
1348.07	10.5
1348.43	10.5
1348.5	5.0
1349.0	5.0
1349.07	10.0
1349.43	10.0
1349.5	5.0
1350.0	5.0
1350.07	9.5
1350.43	9.5
1350.5	5.0
1351.0	5.0
1351.07	9.0
1351.43	9.0
1351.5	5.0
1352.0	5.0
1352.07	8.5
1352.43	8.5
1352.5	5.0
1353.0	5.0
1353.07	8.0
1353.43	8.0
1353.5	5.0
1354.0	5.0
1354.07	7.5
1354.43	7.5
1354.5	5.0
1355.0	5.0
1355.07	7.0
1355.43	7.0
1355.5	5.0
1356.0	5.0
1356.07	6.5
1356.43	6.5
1356.5	5.0
1357.0	5.0
1357.07	6.0
1357.43	6.0
1357.5	5.0
1358.0	5.0
1358.07	5.5
1358.43	5.5
1358.5	5.0
1359.0	5.0
1359.07	5.0
1359.43	5.0
1359.5	5.0
1360.0	5.0
END
